1, 0.823895, 99
2, 0.870492, 99
3, 0.716417, 99
4, 0.778846, 99
5, 0.826708, 99
6, 0.847873, 99
7, 0.666817, 99
8, 0.060288, 99
9, 0.070471, 99
10, 0.044734, 99
11, 0.051305, 99
12, 0.064363, 99
13, 0.068059, 99
14, 0.059068, 99
15, 0.054464, 99
16, 0.050905, 99
17, 0.028926, 99
18, 0.034584, 99
19, 0.061233, 99
20, 0.035144, 99
21, 0.039117, 99
22, 0.047651, 99
23, 0.044740, 99
24, 0.039940, 99
25, 0.032204, 99
26, 0.046276, 99
27, 0.044030, 99
28, 0.062086, 99
29, 0.042533, 99
30, 0.046736, 99
31, 0.067497, 99
32, 0.052106, 99
33, 0.035777, 99
34, 0.038783, 99
35, 0.038278, 99
36, 0.026542, 99
37, 0.075232, 99
38, 0.034600, 99
39, 0.038284, 99
40, 0.032542, 99
41, 0.056468, 99
42, 0.057457, 99
43, 0.041579, 99
44, 0.036611, 99
45, 0.053732, 99
46, 0.063665, 99
47, 0.025118, 99
48, 0.034376, 99
49, 0.013852, 99
50, 0.024781, 99
51, 0.006067, 99
52, 0.022342, 99
53, 0.018762, 99
54, 0.039537, 99
55, 0.035156, 99
56, 0.037047, 99
57, 0.037238, 99
58, 0.033693, 99
59, 0.019241, 99
60, 0.035033, 99
61, 0.063217, 99
62, 0.053790, 99
63, 0.071897, 99
64, 0.058727, 99
65, 0.037787, 99
66, 0.031796, 99
67, 0.066199, 99
68, 0.019168, 99
69, 0.035148, 99
70, 0.045559, 99
1, 0.049140, 99
2, 0.053681, 99
3, 0.029999, 99
4, 0.037004, 99
5, 0.084341, 99
6, 0.049425, 99
7, 0.065747, 99
8, 0.794696, 99
9, 0.785469, 99
10, 0.688739, 99
11, 0.819457, 99
12, 0.726633, 99
13, 0.745116, 99
14, 0.332287, 99
15, 0.069141, 99
16, 0.076011, 99
17, 0.052880, 99
18, 0.054764, 99
19, 0.072158, 99
20, 0.045975, 99
21, 0.090395, 99
22, 0.056124, 99
23, 0.099153, 99
24, 0.048117, 99
25, 0.088109, 99
26, 0.036807, 99
27, 0.062341, 99
28, 0.076037, 99
29, 0.041994, 99
30, 0.078463, 99
31, 0.093294, 99
32, 0.091420, 99
33, 0.054452, 99
34, 0.099617, 99
35, 0.058888, 99
36, 0.036537, 99
37, 0.082444, 99
38, 0.043277, 99
39, 0.035239, 99
40, 0.052554, 99
41, 0.073716, 99
42, 0.071502, 99
43, 0.089364, 99
44, 0.064821, 99
45, 0.053234, 99
46, 0.064860, 99
47, 0.016372, 99
48, 0.079755, 99
49, 0.045856, 99
50, 0.035624, 99
51, 0.021314, 99
52, 0.027640, 99
53, 0.038776, 99
54, 0.060082, 99
55, 0.082129, 99
56, 0.070984, 99
57, 0.077994, 99
58, 0.073311, 99
59, 0.040217, 99
60, 0.089184, 99
61, 0.057925, 99
62, 0.058060, 99
63, 0.068778, 99
64, 0.052363, 99
65, 0.050658, 99
66, 0.069686, 99
67, 0.086581, 99
68, 0.052816, 99
69, 0.069219, 99
70, 0.048401, 99
1, 0.054014, 99
2, 0.063546, 99
3, 0.031966, 99
4, 0.037231, 99
5, 0.023886, 99
6, 0.016371, 99
7, 0.086480, 99
8, 0.078803, 99
9, 0.072037, 99
10, 0.044451, 99
11, 0.068468, 99
12, 0.065840, 99
13, 0.083232, 99
14, 0.105407, 99
15, 0.714589, 99
16, 0.271711, 99
17, 0.680437, 99
18, 0.684338, 99
19, 0.735241, 99
20, 0.385805, 99
21, 0.535847, 99
22, 0.059299, 99
23, 0.057946, 99
24, 0.063908, 99
25, 0.084866, 99
26, 0.080671, 99
27, 0.067836, 99
28, 0.081164, 99
29, 0.037756, 99
30, 0.090177, 99
31, 0.099172, 99
32, 0.072140, 99
33, 0.081542, 99
34, 0.097475, 99
35, 0.059775, 99
36, 0.043339, 99
37, 0.085292, 99
38, 0.051244, 99
39, 0.039117, 99
40, 0.034648, 99
41, 0.100777, 99
42, 0.090882, 99
43, 0.116390, 99
44, 0.062335, 99
45, 0.082161, 99
46, 0.052795, 99
47, 0.031272, 99
48, 0.056591, 99
49, 0.030440, 99
50, 0.020502, 99
51, 0.023649, 99
52, 0.028620, 99
53, 0.032922, 99
54, 0.085637, 99
55, 0.072993, 99
56, 0.081969, 99
57, 0.072614, 99
58, 0.070995, 99
59, 0.042110, 99
60, 0.097495, 99
61, 0.052663, 99
62, 0.049929, 99
63, 0.053963, 99
64, 0.046980, 99
65, 0.081788, 99
66, 0.049248, 99
67, 0.095436, 99
68, 0.055152, 99
69, 0.080068, 99
70, 0.057223, 99
1, 0.045161, 99
2, 0.057187, 99
3, 0.077489, 99
4, 0.044129, 99
5, 0.034144, 99
6, 0.047510, 99
7, 0.074046, 99
8, 0.079658, 99
9, 0.093797, 99
10, 0.052980, 99
11, 0.058773, 99
12, 0.059361, 99
13, 0.079398, 99
14, 0.069923, 99
15, 0.061094, 99
16, 0.044720, 99
17, 0.070167, 99
18, 0.068972, 99
19, 0.061583, 99
20, 0.054183, 99
21, 0.084264, 99
22, 0.633460, 99
23, 0.723131, 99
24, 0.642958, 99
25, 0.593614, 99
26, 0.665866, 99
27, 0.619842, 99
28, 0.732289, 99
29, 0.070892, 99
30, 0.134768, 99
31, 0.128423, 99
32, 0.100377, 99
33, 0.058737, 99
34, 0.119091, 99
35, 0.078661, 99
36, 0.067500, 99
37, 0.090695, 99
38, 0.050780, 99
39, 0.049463, 99
40, 0.050821, 99
41, 0.129857, 99
42, 0.123383, 99
43, 0.084726, 99
44, 0.073745, 99
45, 0.097392, 99
46, 0.108665, 99
47, 0.052170, 99
48, 0.067661, 99
49, 0.055180, 99
50, 0.013357, 99
51, 0.030887, 99
52, 0.040843, 99
53, 0.035679, 99
54, 0.112953, 99
55, 0.074914, 99
56, 0.080629, 99
57, 0.089749, 99
58, 0.093602, 99
59, 0.061648, 99
60, 0.122555, 99
61, 0.068077, 99
62, 0.057712, 99
63, 0.096393, 99
64, 0.046895, 99
65, 0.081362, 99
66, 0.078855, 99
67, 0.106035, 99
68, 0.083551, 99
69, 0.075726, 99
70, 0.069029, 99
1, 0.045704, 99
2, 0.048506, 99
3, 0.071257, 99
4, 0.023844, 99
5, 0.034951, 99
6, 0.025961, 99
7, 0.080149, 99
8, 0.095500, 99
9, 0.091303, 99
10, 0.080857, 99
11, 0.091154, 99
12, 0.067419, 99
13, 0.114633, 99
14, 0.050083, 99
15, 0.069060, 99
16, 0.075480, 99
17, 0.096447, 99
18, 0.069694, 99
19, 0.061255, 99
20, 0.017515, 99
21, 0.116308, 99
22, 0.065469, 99
23, 0.093802, 99
24, 0.077066, 99
25, 0.120269, 99
26, 0.059018, 99
27, 0.102542, 99
28, 0.094114, 99
29, 0.317592, 99
30, 0.614644, 99
31, 0.626397, 99
32, 0.643282, 99
33, 0.497160, 99
34, 0.696078, 99
35, 0.531291, 99
36, 0.050965, 99
37, 0.068915, 99
38, 0.062678, 99
39, 0.017065, 99
40, 0.051968, 99
41, 0.084131, 99
42, 0.088534, 99
43, 0.080913, 99
44, 0.089449, 99
45, 0.068469, 99
46, 0.080009, 99
47, 0.027787, 99
48, 0.096574, 99
49, 0.042308, 99
50, 0.020077, 99
51, 0.004417, 99
52, 0.038657, 99
53, 0.029310, 99
54, 0.078452, 99
55, 0.077461, 99
56, 0.100935, 99
57, 0.060896, 99
58, 0.062603, 99
59, 0.057727, 99
60, 0.116997, 99
61, 0.057144, 99
62, 0.085179, 99
63, 0.084626, 99
64, 0.056054, 99
65, 0.067543, 99
66, 0.040737, 99
67, 0.116317, 99
68, 0.090232, 99
69, 0.051905, 99
70, 0.048879, 99
1, 0.027756, 99
2, 0.048913, 99
3, 0.064019, 99
4, 0.032976, 99
5, 0.032952, 99
6, 0.038398, 99
7, 0.054422, 99
8, 0.063764, 99
9, 0.061270, 99
10, 0.054628, 99
11, 0.046380, 99
12, 0.036416, 99
13, 0.071981, 99
14, 0.034107, 99
15, 0.047475, 99
16, 0.058923, 99
17, 0.012979, 99
18, 0.025822, 99
19, 0.047366, 99
20, 0.037207, 99
21, 0.099772, 99
22, 0.077211, 99
23, 0.115378, 99
24, 0.076597, 99
25, 0.075106, 99
26, 0.046411, 99
27, 0.028215, 99
28, 0.059992, 99
29, 0.042179, 99
30, 0.088623, 99
31, 0.064597, 99
32, 0.066525, 99
33, 0.042255, 99
34, 0.064439, 99
35, 0.035032, 99
36, 0.628604, 99
37, 0.735593, 99
38, 0.699186, 99
39, 0.714994, 99
40, 0.239662, 99
41, 0.685447, 99
42, 0.763968, 99
43, 0.063739, 99
44, 0.034928, 99
45, 0.090500, 99
46, 0.064058, 99
47, 0.008682, 99
48, 0.064925, 99
49, 0.035797, 99
50, 0.007491, 99
51, 0.009157, 99
52, 0.028080, 99
53, 0.018965, 99
54, 0.089628, 99
55, 0.075677, 99
56, 0.074023, 99
57, 0.076926, 99
58, 0.045509, 99
59, 0.038461, 99
60, 0.098160, 99
61, 0.034668, 99
62, 0.048855, 99
63, 0.054275, 99
64, 0.065442, 99
65, 0.082023, 99
66, 0.040970, 99
67, 0.080897, 99
68, 0.053931, 99
69, 0.063270, 99
70, 0.027268, 99
1, 0.058103, 99
2, 0.036908, 99
3, 0.050439, 99
4, 0.033964, 99
5, 0.021504, 99
6, 0.014210, 99
7, 0.056318, 99
8, 0.062598, 99
9, 0.056195, 99
10, 0.043390, 99
11, 0.053329, 99
12, 0.058775, 99
13, 0.071724, 99
14, 0.060605, 99
15, 0.087896, 99
16, 0.042552, 99
17, 0.048878, 99
18, 0.043570, 99
19, 0.056290, 99
20, 0.041741, 99
21, 0.097511, 99
22, 0.048281, 99
23, 0.102633, 99
24, 0.068264, 99
25, 0.068839, 99
26, 0.051942, 99
27, 0.068850, 99
28, 0.070545, 99
29, 0.025668, 99
30, 0.086034, 99
31, 0.081598, 99
32, 0.080918, 99
33, 0.063862, 99
34, 0.066992, 99
35, 0.052980, 99
36, 0.057599, 99
37, 0.083564, 99
38, 0.028195, 99
39, 0.032875, 99
40, 0.039723, 99
41, 0.102705, 99
42, 0.086420, 99
43, 0.747077, 99
44, 0.511410, 99
45, 0.798250, 99
46, 0.700095, 99
47, 0.784076, 99
48, 0.622095, 99
49, 0.655475, 99
50, 0.023126, 99
51, 0.017669, 99
52, 0.015756, 99
53, 0.066376, 99
54, 0.056968, 99
55, 0.066899, 99
56, 0.065833, 99
57, 0.056634, 99
58, 0.049705, 99
59, 0.027290, 99
60, 0.080309, 99
61, 0.048249, 99
62, 0.056874, 99
63, 0.041455, 99
64, 0.041584, 99
65, 0.059063, 99
66, 0.049421, 99
67, 0.073463, 99
68, 0.062964, 99
69, 0.062353, 99
70, 0.041461, 99
1, 0.049574, 99
2, 0.055818, 99
3, 0.042875, 99
4, 0.015580, 99
5, 0.020498, 99
6, 0.025355, 99
7, 0.031793, 99
8, 0.063683, 99
9, 0.057343, 99
10, 0.050444, 99
11, 0.036121, 99
12, 0.043983, 99
13, 0.066753, 99
14, 0.028691, 99
15, 0.039688, 99
16, 0.024374, 99
17, 0.058075, 99
18, 0.040911, 99
19, 0.033056, 99
20, 0.038971, 99
21, 0.092290, 99
22, 0.037109, 99
23, 0.044094, 99
24, 0.051024, 99
25, 0.110829, 99
26, 0.085857, 99
27, 0.039157, 99
28, 0.077566, 99
29, 0.055915, 99
30, 0.066206, 99
31, 0.072404, 99
32, 0.083905, 99
33, 0.068436, 99
34, 0.064226, 99
35, 0.029700, 99
36, 0.046239, 99
37, 0.059633, 99
38, 0.027693, 99
39, 0.031315, 99
40, 0.071170, 99
41, 0.097965, 99
42, 0.070164, 99
43, 0.045011, 99
44, 0.051494, 99
45, 0.034110, 99
46, 0.067323, 99
47, 0.026819, 99
48, 0.066193, 99
49, 0.026758, 99
50, 0.252001, 99
51, 0.665661, 99
52, 0.223646, 99
53, 0.839194, 99
54, 0.803177, 99
55, 0.827423, 99
56, 0.826824, 99
57, 0.061571, 99
58, 0.092325, 99
59, 0.074455, 99
60, 0.078163, 99
61, 0.024957, 99
62, 0.033927, 99
63, 0.054830, 99
64, 0.040054, 99
65, 0.053932, 99
66, 0.035269, 99
67, 0.079063, 99
68, 0.070503, 99
69, 0.021116, 99
70, 0.021065, 99
1, 0.061189, 99
2, 0.047685, 99
3, 0.033552, 99
4, 0.015763, 99
5, 0.035324, 99
6, 0.037760, 99
7, 0.049489, 99
8, 0.042416, 99
9, 0.086191, 99
10, 0.065811, 99
11, 0.051402, 99
12, 0.061654, 99
13, 0.077776, 99
14, 0.053110, 99
15, 0.049898, 99
16, 0.048640, 99
17, 0.050656, 99
18, 0.054578, 99
19, 0.062935, 99
20, 0.043987, 99
21, 0.111316, 99
22, 0.048518, 99
23, 0.097403, 99
24, 0.063074, 99
25, 0.076884, 99
26, 0.058552, 99
27, 0.058650, 99
28, 0.084209, 99
29, 0.037869, 99
30, 0.077549, 99
31, 0.088711, 99
32, 0.083744, 99
33, 0.043317, 99
34, 0.067155, 99
35, 0.064632, 99
36, 0.055482, 99
37, 0.062113, 99
38, 0.044205, 99
39, 0.034986, 99
40, 0.042583, 99
41, 0.072029, 99
42, 0.073548, 99
43, 0.071331, 99
44, 0.056640, 99
45, 0.033119, 99
46, 0.054233, 99
47, 0.004692, 99
48, 0.068351, 99
49, 0.049658, 99
50, -0.001089, 99
51, 0.011409, 99
52, 0.023785, 99
53, 0.022079, 99
54, 0.063721, 99
55, 0.063391, 99
56, 0.063667, 99
57, 0.619478, 99
58, 0.763175, 99
59, 0.674364, 99
60, 0.767757, 99
61, 0.755200, 99
62, 0.639361, 99
63, 0.750836, 99
64, 0.067576, 99
65, 0.073501, 99
66, 0.058965, 99
67, 0.081340, 99
68, 0.045739, 99
69, 0.058112, 99
70, 0.046657, 99
1, 0.038427, 99
2, 0.074382, 99
3, 0.045111, 99
4, 0.029966, 99
5, 0.030134, 99
6, 0.034455, 99
7, 0.045384, 99
8, 0.072683, 99
9, 0.054455, 99
10, 0.043841, 99
11, 0.061746, 99
12, 0.040852, 99
13, 0.090306, 99
14, 0.069895, 99
15, 0.073343, 99
16, 0.047671, 99
17, 0.061706, 99
18, 0.047170, 99
19, 0.063787, 99
20, 0.030726, 99
21, 0.091011, 99
22, 0.059403, 99
23, 0.102194, 99
24, 0.077646, 99
25, 0.090471, 99
26, 0.087864, 99
27, 0.066981, 99
28, 0.083007, 99
29, 0.048783, 99
30, 0.081512, 99
31, 0.076986, 99
32, 0.075617, 99
33, 0.054423, 99
34, 0.085637, 99
35, 0.053108, 99
36, 0.090686, 99
37, 0.084755, 99
38, 0.052983, 99
39, 0.013891, 99
40, 0.053051, 99
41, 0.068898, 99
42, 0.107271, 99
43, 0.078780, 99
44, 0.052278, 99
45, 0.038962, 99
46, 0.040071, 99
47, 0.055684, 99
48, 0.061662, 99
49, 0.035443, 99
50, 0.016653, 99
51, 0.027384, 99
52, 0.025723, 99
53, 0.034561, 99
54, 0.072083, 99
55, 0.064338, 99
56, 0.083670, 99
57, 0.077595, 99
58, 0.067707, 99
59, 0.045865, 99
60, 0.112533, 99
61, 0.044958, 99
62, 0.038892, 99
63, 0.092499, 99
64, 0.802734, 99
65, 0.847365, 99
66, 0.814809, 99
67, 0.819365, 99
68, 0.706548, 99
69, 0.714783, 99
70, 0.648639, 99
