1, 0.089877, 99
2, 0.121515, 99
3, 0.037420, 99
4, 0.055170, 99
5, 0.097347, 99
6, 0.050663, 99
7, 0.130025, 99
8, 0.585190, 99
9, 0.313689, 99
10, 0.025768, 99
11, 0.014091, 99
12, 0.038054, 99
13, 0.070100, 99
14, 0.037458, 99
15, 0.044874, 99
16, 0.035694, 99
17, 0.023926, 99
18, 0.040564, 99
19, 0.035928, 99
20, 0.007766, 99
21, 0.038087, 99
22, 0.027076, 99
23, 0.044427, 99
24, 0.021002, 99
25, 0.040579, 99
26, 0.026984, 99
27, 0.033988, 99
28, 0.042227, 99
29, 0.033089, 99
30, 0.044655, 99
31, 0.057800, 99
32, 0.055824, 99
33, 0.021209, 99
34, 0.058116, 99
35, 0.029960, 99
36, 0.010052, 99
37, 0.051866, 99
38, 0.012764, 99
39, 0.020384, 99
40, 0.012198, 99
41, 0.033603, 99
42, 0.045703, 99
43, 0.049300, 99
44, 0.034725, 99
45, 0.030260, 99
46, 0.026268, 99
47, -0.000807, 99
48, 0.065883, 99
49, 0.023266, 99
50, 0.017707, 99
51, -0.000248, 99
52, 0.016115, 99
53, -0.002570, 99
54, 0.037187, 99
55, 0.044981, 99
56, 0.049706, 99
57, 0.047730, 99
58, 0.033230, 99
59, 0.022788, 99
60, 0.043220, 99
61, 0.025562, 99
62, 0.008135, 99
63, 0.038612, 99
64, 0.018635, 99
65, 0.039452, 99
66, 0.014953, 99
67, 0.061521, 99
68, 0.025246, 99
69, 0.029805, 99
70, 0.022844, 99
71, 0.018154, 99
72, 0.009627, 99
73, 0.020987, 99
74, 0.027832, 99
75, 0.042326, 99
76, 0.041520, 99
77, 0.060863, 99
78, 0.015151, 99
79, 0.060405, 99
80, 0.057978, 99
81, 0.028233, 99
82, 0.043081, 99
83, 0.043931, 99
84, 0.009779, 99
85, 0.024975, 99
86, 0.022469, 99
87, 0.017955, 99
88, 0.025073, 99
89, 0.026934, 99
90, 0.043219, 99
1, 0.026023, 99
2, 0.028181, 99
3, 0.018687, 99
4, 0.013990, 99
5, 0.009293, 99
6, 0.023326, 99
7, 0.044082, 99
8, 0.044850, 99
9, 0.046373, 99
10, 0.231060, 99
11, 0.140404, 99
12, 0.116933, 99
13, 0.183318, 99
14, 0.158445, 99
15, 0.228517, 99
16, 0.142881, 99
17, 0.155591, 99
18, 0.290025, 99
19, 0.042622, 99
20, 0.026210, 99
21, 0.053577, 99
22, 0.026825, 99
23, 0.037425, 99
24, 0.012419, 99
25, 0.045607, 99
26, 0.029281, 99
27, 0.042546, 99
28, 0.030628, 99
29, 0.013644, 99
30, 0.054981, 99
31, 0.052489, 99
32, 0.062670, 99
33, 0.039201, 99
34, 0.056923, 99
35, 0.035946, 99
36, 0.021004, 99
37, 0.047969, 99
38, 0.036129, 99
39, 0.003650, 99
40, 0.013248, 99
41, 0.039980, 99
42, 0.041518, 99
43, 0.053742, 99
44, 0.036337, 99
45, 0.035802, 99
46, 0.038176, 99
47, 0.001499, 99
48, 0.027484, 99
49, 0.024056, 99
50, 0.009645, 99
51, 0.001746, 99
52, 0.007821, 99
53, 0.008867, 99
54, 0.039337, 99
55, 0.034250, 99
56, 0.052581, 99
57, 0.042700, 99
58, 0.037380, 99
59, 0.011971, 99
60, 0.063527, 99
61, 0.024374, 99
62, 0.021794, 99
63, 0.024237, 99
64, 0.035713, 99
65, 0.029251, 99
66, 0.034990, 99
67, 0.054357, 99
68, 0.023584, 99
69, 0.036320, 99
70, 0.029072, 99
71, 0.022068, 99
72, 0.010926, 99
73, 0.012598, 99
74, 0.026672, 99
75, 0.040958, 99
76, 0.048100, 99
77, 0.034800, 99
78, 0.028169, 99
79, 0.050893, 99
80, 0.030836, 99
81, 0.044022, 99
82, 0.042173, 99
83, 0.040504, 99
84, 0.031948, 99
85, 0.048691, 99
86, 0.022114, 99
87, 0.052313, 99
88, 0.019086, 99
89, 0.031957, 99
90, 0.038755, 99
1, 0.010397, 99
2, 0.024981, 99
3, 0.031942, 99
4, 0.020814, 99
5, 0.019386, 99
6, 0.008846, 99
7, 0.041326, 99
8, 0.036571, 99
9, 0.057239, 99
10, 0.024729, 99
11, 0.037759, 99
12, 0.024761, 99
13, 0.055278, 99
14, 0.035638, 99
15, 0.031280, 99
16, 0.020757, 99
17, 0.036310, 99
18, 0.039789, 99
19, 0.103397, 99
20, 0.037387, 99
21, 0.282922, 99
22, 0.130429, 99
23, 0.204315, 99
24, 0.227232, 99
25, 0.237830, 99
26, 0.163088, 99
27, 0.216049, 99
28, 0.050281, 99
29, 0.024662, 99
30, 0.073140, 99
31, 0.064866, 99
32, 0.069563, 99
33, 0.036736, 99
34, 0.065557, 99
35, 0.044649, 99
36, 0.031672, 99
37, 0.051587, 99
38, 0.025190, 99
39, 0.012483, 99
40, 0.040139, 99
41, 0.066548, 99
42, 0.058968, 99
43, 0.036944, 99
44, 0.046732, 99
45, 0.048679, 99
46, 0.047714, 99
47, 0.006418, 99
48, 0.053614, 99
49, 0.027413, 99
50, -0.007919, 99
51, 0.004592, 99
52, 0.021468, 99
53, 0.016920, 99
54, 0.051621, 99
55, 0.049469, 99
56, 0.039804, 99
57, 0.053257, 99
58, 0.057292, 99
59, 0.030886, 99
60, 0.076339, 99
61, 0.035931, 99
62, 0.034469, 99
63, 0.036264, 99
64, 0.023603, 99
65, 0.045933, 99
66, 0.020863, 99
67, 0.059835, 99
68, 0.045152, 99
69, 0.034942, 99
70, 0.017583, 99
71, 0.040179, 99
72, 0.036952, 99
73, 0.022792, 99
74, 0.042953, 99
75, 0.055023, 99
76, 0.052993, 99
77, 0.045146, 99
78, 0.040439, 99
79, 0.068281, 99
80, 0.056949, 99
81, 0.037254, 99
82, 0.037203, 99
83, 0.032813, 99
84, 0.020927, 99
85, 0.024192, 99
86, 0.028672, 99
87, 0.032015, 99
88, 0.036609, 99
89, 0.032271, 99
90, 0.049406, 99
1, 0.031011, 99
2, 0.036424, 99
3, 0.044177, 99
4, -0.001292, 99
5, 0.016150, 99
6, 0.011943, 99
7, 0.050216, 99
8, 0.062991, 99
9, 0.050542, 99
10, 0.048214, 99
11, 0.043712, 99
12, 0.038731, 99
13, 0.072762, 99
14, 0.018423, 99
15, 0.043811, 99
16, 0.040328, 99
17, 0.065648, 99
18, 0.053112, 99
19, 0.036975, 99
20, 0.009760, 99
21, 0.062219, 99
22, 0.046173, 99
23, 0.063296, 99
24, 0.054156, 99
25, 0.095617, 99
26, 0.043573, 99
27, 0.069973, 99
28, 0.160954, 99
29, 0.112829, 99
30, 0.313563, 99
31, 0.219525, 99
32, 0.369871, 99
33, 0.224084, 99
34, 0.231518, 99
35, 0.136448, 99
36, 0.110997, 99
37, 0.059238, 99
38, 0.032707, 99
39, 0.007693, 99
40, 0.026576, 99
41, 0.066788, 99
42, 0.072755, 99
43, 0.059685, 99
44, 0.065424, 99
45, 0.051916, 99
46, 0.047296, 99
47, 0.018672, 99
48, 0.066792, 99
49, 0.020230, 99
50, 0.006229, 99
51, -0.011308, 99
52, 0.021874, 99
53, 0.014167, 99
54, 0.049445, 99
55, 0.062669, 99
56, 0.083884, 99
57, 0.057599, 99
58, 0.036667, 99
59, 0.035232, 99
60, 0.079731, 99
61, 0.029244, 99
62, 0.048591, 99
63, 0.048456, 99
64, 0.038107, 99
65, 0.048675, 99
66, 0.023775, 99
67, 0.077366, 99
68, 0.053070, 99
69, 0.030071, 99
70, 0.025418, 99
71, 0.038985, 99
72, 0.027490, 99
73, 0.021159, 99
74, 0.044769, 99
75, 0.087759, 99
76, 0.074873, 99
77, 0.039128, 99
78, 0.047727, 99
79, 0.069992, 99
80, 0.055364, 99
81, 0.047556, 99
82, 0.032026, 99
83, 0.056973, 99
84, 0.015368, 99
85, 0.029844, 99
86, 0.026319, 99
87, 0.045350, 99
88, 0.015523, 99
89, 0.021193, 99
90, 0.063424, 99
1, 0.019027, 99
2, 0.027509, 99
3, 0.043963, 99
4, 0.026335, 99
5, 0.008684, 99
6, 0.022818, 99
7, 0.055642, 99
8, 0.045558, 99
9, 0.041289, 99
10, 0.046672, 99
11, 0.052100, 99
12, 0.029422, 99
13, 0.061669, 99
14, 0.022336, 99
15, 0.038345, 99
16, 0.039318, 99
17, 0.020321, 99
18, 0.042429, 99
19, 0.033640, 99
20, 0.028850, 99
21, 0.064581, 99
22, 0.051307, 99
23, 0.093047, 99
24, 0.060173, 99
25, 0.060480, 99
26, 0.034527, 99
27, 0.050906, 99
28, 0.052760, 99
29, 0.021921, 99
30, 0.088844, 99
31, 0.066862, 99
32, 0.067163, 99
33, 0.049456, 99
34, 0.056550, 99
35, 0.042682, 99
36, 0.037960, 99
37, 0.170830, 99
38, 0.075230, 99
39, 0.064489, 99
40, 0.103690, 99
41, 0.464696, 99
42, 0.374454, 99
43, 0.178933, 99
44, 0.154623, 99
45, 0.200975, 99
46, 0.052668, 99
47, -0.013411, 99
48, 0.061133, 99
49, 0.020143, 99
50, 0.015168, 99
51, -0.006584, 99
52, 0.030217, 99
53, 0.019104, 99
54, 0.064781, 99
55, 0.055032, 99
56, 0.047692, 99
57, 0.058779, 99
58, 0.024213, 99
59, 0.020950, 99
60, 0.074405, 99
61, 0.032439, 99
62, 0.034890, 99
63, 0.040747, 99
64, 0.029360, 99
65, 0.054739, 99
66, 0.017158, 99
67, 0.061227, 99
68, 0.037058, 99
69, 0.042832, 99
70, 0.026711, 99
71, 0.023573, 99
72, 0.049865, 99
73, 0.009568, 99
74, 0.036819, 99
75, 0.060345, 99
76, 0.092887, 99
77, 0.038255, 99
78, 0.033927, 99
79, 0.064583, 99
80, 0.065846, 99
81, 0.045576, 99
82, 0.039623, 99
83, 0.031296, 99
84, 0.021505, 99
85, 0.040310, 99
86, 0.025535, 99
87, 0.043932, 99
88, 0.012503, 99
89, 0.038327, 99
90, 0.089461, 99
1, 0.061173, 99
2, 0.032776, 99
3, 0.057113, 99
4, 0.014669, 99
5, 0.015799, 99
6, 0.019514, 99
7, 0.018547, 99
8, 0.029085, 99
9, 0.030954, 99
10, 0.037945, 99
11, 0.012213, 99
12, 0.053869, 99
13, 0.058941, 99
14, 0.030353, 99
15, 0.006877, 99
16, 0.020563, 99
17, 0.032880, 99
18, 0.015232, 99
19, 0.011301, 99
20, 0.006411, 99
21, 0.046726, 99
22, 0.044600, 99
23, 0.073729, 99
24, 0.055151, 99
25, 0.046788, 99
26, 0.034940, 99
27, 0.033325, 99
28, 0.038338, 99
29, 0.021180, 99
30, 0.059396, 99
31, 0.070823, 99
32, 0.047806, 99
33, 0.037837, 99
34, 0.036555, 99
35, 0.011308, 99
36, 0.034119, 99
37, 0.031896, 99
38, 0.016969, 99
39, 0.012327, 99
40, 0.027700, 99
41, 0.065170, 99
42, 0.042747, 99
43, 0.044966, 99
44, 0.038324, 99
45, 0.036386, 99
46, 0.801012, 99
47, 0.047815, 99
48, 0.733536, 99
49, 0.734495, 99
50, -0.038064, 99
51, 0.010532, 99
52, 0.032680, 99
53, 0.062981, 99
54, 0.759516, 99
55, 0.052541, 99
56, 0.055522, 99
57, 0.031888, 99
58, 0.056956, 99
59, -0.002527, 99
60, 0.034464, 99
61, 0.022205, 99
62, 0.028321, 99
63, 0.022779, 99
64, 0.026242, 99
65, 0.036137, 99
66, 0.009363, 99
67, 0.038557, 99
68, 0.022141, 99
69, -0.005627, 99
70, 0.025799, 99
71, 0.028084, 99
72, 0.033067, 99
73, -0.002706, 99
74, 0.038610, 99
75, 0.053563, 99
76, 0.054712, 99
77, 0.041406, 99
78, 0.043148, 99
79, 0.038410, 99
80, 0.042641, 99
81, 0.040595, 99
82, 0.042254, 99
83, 0.017631, 99
84, 0.012841, 99
85, 0.016144, 99
86, 0.013683, 99
87, 0.021386, 99
88, 0.016490, 99
89, 0.010481, 99
90, 0.059614, 99
1, 0.032271, 99
2, 0.043001, 99
3, 0.035863, 99
4, 0.002323, 99
5, 0.006343, 99
6, 0.007676, 99
7, 0.024994, 99
8, 0.053908, 99
9, 0.048904, 99
10, 0.040018, 99
11, 0.024818, 99
12, 0.036363, 99
13, 0.058281, 99
14, 0.030415, 99
15, 0.035863, 99
16, 0.021416, 99
17, 0.050606, 99
18, 0.044886, 99
19, 0.023514, 99
20, 0.007070, 99
21, 0.073135, 99
22, 0.027808, 99
23, 0.047111, 99
24, 0.032754, 99
25, 0.089298, 99
26, 0.041339, 99
27, 0.040479, 99
28, 0.037810, 99
29, 0.033004, 99
30, 0.076974, 99
31, 0.071621, 99
32, 0.081568, 99
33, 0.048810, 99
34, 0.062740, 99
35, 0.027867, 99
36, 0.047969, 99
37, 0.052442, 99
38, 0.027137, 99
39, 0.012736, 99
40, 0.040936, 99
41, 0.038058, 99
42, 0.058296, 99
43, 0.044277, 99
44, 0.042523, 99
45, 0.022091, 99
46, 0.045651, 99
47, -0.005900, 99
48, 0.047936, 99
49, 0.022503, 99
50, -0.010579, 99
51, 0.011452, 99
52, 0.010381, 99
53, -0.000554, 99
54, 0.074552, 99
55, 0.212825, 99
56, 0.432065, 99
57, 0.193247, 99
58, 0.192541, 99
59, 0.072744, 99
60, 0.272724, 99
61, 0.083453, 99
62, 0.094139, 99
63, 0.098126, 99
64, 0.038193, 99
65, 0.064237, 99
66, 0.031529, 99
67, 0.080572, 99
68, 0.037212, 99
69, 0.013915, 99
70, 0.029285, 99
71, 0.027066, 99
72, 0.050247, 99
73, 0.014349, 99
74, 0.038180, 99
75, 0.065078, 99
76, 0.068021, 99
77, 0.043176, 99
78, 0.055462, 99
79, 0.053535, 99
80, 0.058547, 99
81, 0.044450, 99
82, 0.033887, 99
83, 0.026243, 99
84, 0.025585, 99
85, 0.024897, 99
86, 0.012704, 99
87, 0.029143, 99
88, 0.019495, 99
89, 0.028643, 99
90, 0.073903, 99
1, 0.017962, 99
2, 0.051578, 99
3, 0.030675, 99
4, 0.006432, 99
5, 0.010087, 99
6, 0.027683, 99
7, 0.039823, 99
8, 0.066642, 99
9, 0.045606, 99
10, 0.042076, 99
11, 0.035180, 99
12, 0.021927, 99
13, 0.084145, 99
14, 0.036516, 99
15, 0.037567, 99
16, 0.031499, 99
17, 0.045785, 99
18, 0.048924, 99
19, 0.032442, 99
20, -0.001668, 99
21, 0.066398, 99
22, 0.027326, 99
23, 0.040073, 99
24, 0.053089, 99
25, 0.082624, 99
26, 0.047820, 99
27, 0.044783, 99
28, 0.049351, 99
29, 0.052644, 99
30, 0.078262, 99
31, 0.073229, 99
32, 0.061758, 99
33, 0.052962, 99
34, 0.061873, 99
35, 0.028529, 99
36, 0.054627, 99
37, 0.060000, 99
38, 0.042200, 99
39, -0.014174, 99
40, 0.043777, 99
41, 0.055190, 99
42, 0.059371, 99
43, 0.044488, 99
44, 0.052352, 99
45, 0.021163, 99
46, 0.035907, 99
47, 0.025861, 99
48, 0.052030, 99
49, 0.034442, 99
50, 0.001787, 99
51, -0.010437, 99
52, 0.016966, 99
53, -0.003843, 99
54, 0.073112, 99
55, 0.054686, 99
56, 0.077025, 99
57, 0.061732, 99
58, 0.060909, 99
59, 0.018459, 99
60, 0.078757, 99
61, 0.034060, 99
62, 0.026584, 99
63, 0.046424, 99
64, 0.117562, 99
65, 0.076964, 99
66, 0.007665, 99
67, 0.757738, 99
68, 0.063126, 99
69, 0.064332, 99
70, 0.069261, 99
71, 0.075459, 99
72, 0.105032, 99
73, 0.021501, 99
74, 0.034270, 99
75, 0.083813, 99
76, 0.088602, 99
77, 0.057303, 99
78, 0.040783, 99
79, 0.048556, 99
80, 0.079513, 99
81, 0.053935, 99
82, 0.037151, 99
83, 0.043731, 99
84, 0.011019, 99
85, 0.016788, 99
86, 0.011602, 99
87, 0.087320, 99
88, 0.014111, 99
89, 0.019078, 99
90, 0.074621, 99
1, 0.033297, 99
2, 0.029745, 99
3, 0.047269, 99
4, 0.024198, 99
5, 0.006787, 99
6, 0.014284, 99
7, 0.052374, 99
8, 0.035391, 99
9, 0.061403, 99
10, 0.045745, 99
11, 0.041616, 99
12, 0.008315, 99
13, 0.066105, 99
14, 0.028891, 99
15, 0.053828, 99
16, 0.023245, 99
17, 0.051032, 99
18, 0.035134, 99
19, 0.040356, 99
20, -0.006063, 99
21, 0.058113, 99
22, 0.031474, 99
23, 0.064431, 99
24, 0.056365, 99
25, 0.083738, 99
26, 0.048201, 99
27, 0.051236, 99
28, 0.041807, 99
29, 0.025686, 99
30, 0.069337, 99
31, 0.064289, 99
32, 0.065325, 99
33, 0.054577, 99
34, 0.077805, 99
35, 0.036479, 99
36, 0.045638, 99
37, 0.048918, 99
38, 0.038819, 99
39, 0.012190, 99
40, 0.023085, 99
41, 0.062083, 99
42, 0.080212, 99
43, 0.046926, 99
44, 0.040310, 99
45, 0.042331, 99
46, 0.052408, 99
47, -0.003316, 99
48, 0.039817, 99
49, 0.035061, 99
50, -0.004089, 99
51, -0.008991, 99
52, 0.029350, 99
53, 0.029982, 99
54, 0.048453, 99
55, 0.038098, 99
56, 0.052128, 99
57, 0.059648, 99
58, 0.045543, 99
59, 0.026953, 99
60, 0.083447, 99
61, 0.033173, 99
62, 0.039129, 99
63, 0.036488, 99
64, 0.038854, 99
65, 0.059458, 99
66, 0.024306, 99
67, 0.079352, 99
68, 0.032238, 99
69, 0.041322, 99
70, 0.034690, 99
71, 0.026060, 99
72, 0.041349, 99
73, 0.085638, 99
74, 0.150171, 99
75, 0.278170, 99
76, 0.305613, 99
77, 0.141909, 99
78, 0.159046, 99
79, 0.273844, 99
80, 0.238587, 99
81, 0.193211, 99
82, 0.025414, 99
83, 0.063594, 99
84, 0.001052, 99
85, 0.028640, 99
86, 0.020788, 99
87, 0.045681, 99
88, 0.018335, 99
89, 0.033150, 99
90, 0.060117, 99
1, 0.016782, 99
2, 0.016856, 99
3, 0.028599, 99
4, 0.018422, 99
5, 0.025171, 99
6, 0.040351, 99
7, 0.041619, 99
8, 0.032047, 99
9, 0.025618, 99
10, 0.050994, 99
11, 0.037795, 99
12, 0.035952, 99
13, 0.037508, 99
14, 0.041296, 99
15, 0.021306, 99
16, 0.017727, 99
17, 0.032397, 99
18, 0.041914, 99
19, 0.036698, 99
20, 0.008174, 99
21, 0.029466, 99
22, 0.016734, 99
23, 0.019054, 99
24, 0.021413, 99
25, 0.048214, 99
26, 0.041136, 99
27, 0.031151, 99
28, 0.011899, 99
29, 0.025405, 99
30, 0.036970, 99
31, 0.053306, 99
32, 0.038639, 99
33, 0.020787, 99
34, 0.035268, 99
35, 0.029701, 99
36, 0.026955, 99
37, 0.028609, 99
38, 0.016992, 99
39, 0.012846, 99
40, 0.019073, 99
41, 0.055414, 99
42, 0.037365, 99
43, 0.030029, 99
44, 0.034707, 99
45, 0.025341, 99
46, 0.023199, 99
47, 0.013182, 99
48, 0.032509, 99
49, 0.025488, 99
50, 0.026954, 99
51, 0.009728, 99
52, 0.022775, 99
53, 0.012495, 99
54, 0.032590, 99
55, 0.026156, 99
56, 0.033568, 99
57, 0.037023, 99
58, 0.027431, 99
59, 0.014944, 99
60, 0.034809, 99
61, 0.018231, 99
62, 0.024685, 99
63, 0.022499, 99
64, 0.015673, 99
65, 0.039819, 99
66, 0.016626, 99
67, 0.053055, 99
68, 0.032905, 99
69, 0.016789, 99
70, 0.025551, 99
71, 0.011615, 99
72, 0.025097, 99
73, 0.017225, 99
74, 0.022002, 99
75, 0.044553, 99
76, 0.042954, 99
77, 0.035894, 99
78, 0.025328, 99
79, 0.039454, 99
80, 0.027314, 99
81, 0.038535, 99
82, 0.134081, 99
83, 0.158476, 99
84, 0.078169, 99
85, 0.183444, 99
86, 0.134480, 99
87, 0.266401, 99
88, 0.137495, 99
89, 0.248092, 99
90, 0.142266, 99
