1, 0.790333, 99
2, 0.805074, 99
3, 0.818250, 99
4, 0.707937, 99
5, 0.034743, 99
6, 0.031824, 99
7, 0.018270, 99
8, 0.038130, 99
9, 0.045571, 99
10, 0.045504, 99
11, 0.025039, 99
12, 0.008538, 99
13, 0.055350, 99
14, 0.029301, 99
15, 0.043531, 99
16, 0.039518, 99
17, 0.029502, 99
18, 0.030799, 99
19, 0.014625, 99
20, 0.008271, 99
21, 0.038629, 99
22, 0.039001, 99
23, 0.042322, 99
24, 0.038468, 99
25, 0.040459, 99
26, 0.041572, 99
27, 0.032603, 99
28, 0.052809, 99
29, 0.028450, 99
30, 0.046805, 99
31, 0.068818, 99
32, 0.050703, 99
33, 0.014608, 99
34, 0.037900, 99
35, 0.013220, 99
36, 0.037640, 99
37, 0.051393, 99
38, 0.035130, 99
39, 0.036632, 99
40, 0.042482, 99
41, 0.048195, 99
42, 0.050208, 99
43, 0.027320, 99
44, 0.018321, 99
45, 0.039247, 99
46, 0.054423, 99
47, 0.005180, 99
48, 0.048112, 99
49, 0.022343, 99
50, 0.004724, 99
51, 0.016811, 99
52, 0.015314, 99
53, 0.018924, 99
54, 0.041786, 99
55, 0.033541, 99
56, 0.043325, 99
57, 0.036556, 99
58, 0.042592, 99
59, 0.022735, 99
60, 0.057188, 99
1, 0.037801, 99
2, 0.051045, 99
3, -0.000669, 99
4, 0.029636, 99
5, 0.613450, 99
6, 0.727370, 99
7, 0.764525, 99
8, 0.832227, 99
9, 0.126365, 99
10, 0.037212, 99
11, 0.026966, 99
12, 0.065470, 99
13, 0.073011, 99
14, 0.036708, 99
15, 0.047753, 99
16, 0.041548, 99
17, 0.039045, 99
18, 0.052021, 99
19, 0.050368, 99
20, 0.023827, 99
21, 0.031520, 99
22, 0.037583, 99
23, 0.038203, 99
24, 0.029583, 99
25, 0.028934, 99
26, 0.023671, 99
27, 0.042024, 99
28, 0.047015, 99
29, 0.027789, 99
30, 0.040371, 99
31, 0.055967, 99
32, 0.060887, 99
33, 0.033392, 99
34, 0.053835, 99
35, 0.030676, 99
36, 0.019019, 99
37, 0.051336, 99
38, 0.016053, 99
39, 0.008387, 99
40, 0.017532, 99
41, 0.032670, 99
42, 0.054682, 99
43, 0.045056, 99
44, 0.033839, 99
45, 0.031529, 99
46, 0.022960, 99
47, 0.012199, 99
48, 0.049993, 99
49, 0.023718, 99
50, 0.025722, 99
51, 0.009372, 99
52, 0.022361, 99
53, 0.011920, 99
54, 0.027421, 99
55, 0.031863, 99
56, 0.038329, 99
57, 0.037896, 99
58, 0.020625, 99
59, 0.025960, 99
60, 0.035878, 99
1, 0.028587, 99
2, 0.030270, 99
3, 0.014548, 99
4, 0.026462, 99
5, 0.043989, 99
6, 0.038310, 99
7, 0.050134, 99
8, 0.113871, 99
9, 0.826735, 99
10, 0.786566, 99
11, 0.747301, 99
12, 0.691588, 99
13, 0.062010, 99
14, 0.051613, 99
15, 0.049138, 99
16, 0.058806, 99
17, 0.041100, 99
18, 0.046876, 99
19, 0.055584, 99
20, 0.031987, 99
21, 0.042545, 99
22, 0.044240, 99
23, 0.058678, 99
24, 0.015591, 99
25, 0.043683, 99
26, 0.019385, 99
27, 0.040485, 99
28, 0.041596, 99
29, -0.005137, 99
30, 0.037961, 99
31, 0.049668, 99
32, 0.064444, 99
33, 0.020256, 99
34, 0.056897, 99
35, 0.048243, 99
36, 0.029832, 99
37, 0.057732, 99
38, 0.039182, 99
39, 0.016178, 99
40, 0.019759, 99
41, 0.057371, 99
42, 0.053195, 99
43, 0.057295, 99
44, 0.036681, 99
45, 0.035844, 99
46, 0.040581, 99
47, 0.013810, 99
48, 0.027409, 99
49, 0.043529, 99
50, 0.009163, 99
51, 0.015088, 99
52, 0.034116, 99
53, 0.029065, 99
54, 0.029283, 99
55, 0.024427, 99
56, 0.037618, 99
57, 0.045403, 99
58, 0.040787, 99
59, 0.026081, 99
60, 0.069145, 99
1, 0.031655, 99
2, 0.042486, 99
3, 0.026247, 99
4, 0.008600, 99
5, 0.033500, 99
6, 0.027837, 99
7, 0.042812, 99
8, 0.091136, 99
9, 0.056329, 99
10, 0.040168, 99
11, 0.043987, 99
12, 0.035834, 99
13, 0.513523, 99
14, 0.769899, 99
15, 0.751052, 99
16, 0.493300, 99
17, 0.036221, 99
18, 0.062167, 99
19, 0.049251, 99
20, 0.008564, 99
21, 0.062517, 99
22, 0.023220, 99
23, 0.052017, 99
24, 0.037766, 99
25, 0.063881, 99
26, 0.025347, 99
27, 0.024148, 99
28, 0.045282, 99
29, 0.036305, 99
30, 0.072442, 99
31, 0.036706, 99
32, 0.058501, 99
33, 0.035140, 99
34, 0.063512, 99
35, 0.045319, 99
36, 0.021820, 99
37, 0.054146, 99
38, 0.029811, 99
39, 0.024643, 99
40, 0.027221, 99
41, 0.042163, 99
42, 0.055227, 99
43, 0.071936, 99
44, 0.028243, 99
45, 0.036615, 99
46, 0.026599, 99
47, 0.001260, 99
48, 0.039682, 99
49, 0.014054, 99
50, 0.015122, 99
51, -0.007201, 99
52, 0.000547, 99
53, 0.007807, 99
54, 0.044473, 99
55, 0.051227, 99
56, 0.059145, 99
57, 0.054035, 99
58, 0.037431, 99
59, 0.034939, 99
60, 0.091195, 99
1, 0.042480, 99
2, 0.037020, 99
3, 0.020038, 99
4, 0.025028, 99
5, 0.016530, 99
6, 0.015756, 99
7, 0.061532, 99
8, 0.046747, 99
9, 0.041959, 99
10, 0.017735, 99
11, 0.043835, 99
12, 0.031352, 99
13, 0.059327, 99
14, 0.073932, 99
15, 0.088036, 99
16, 0.041851, 99
17, 0.689758, 99
18, 0.754924, 99
19, 0.714931, 99
20, 0.139257, 99
21, 0.059145, 99
22, 0.037558, 99
23, 0.035671, 99
24, 0.043668, 99
25, 0.053109, 99
26, 0.064127, 99
27, 0.031525, 99
28, 0.059526, 99
29, 0.039138, 99
30, 0.061762, 99
31, 0.053224, 99
32, 0.075773, 99
33, 0.055638, 99
34, 0.053671, 99
35, 0.037958, 99
36, 0.030782, 99
37, 0.041742, 99
38, 0.007651, 99
39, 0.016370, 99
40, 0.016059, 99
41, 0.061670, 99
42, 0.076213, 99
43, 0.075403, 99
44, 0.057605, 99
45, 0.044296, 99
46, 0.040077, 99
47, 0.043030, 99
48, 0.037452, 99
49, 0.020231, 99
50, 0.004055, 99
51, 0.017361, 99
52, 0.006535, 99
53, 0.005926, 99
54, 0.043552, 99
55, 0.043915, 99
56, 0.066460, 99
57, 0.055565, 99
58, 0.054919, 99
59, 0.017360, 99
60, 0.064250, 99
1, 0.020616, 99
2, 0.035824, 99
3, 0.041519, 99
4, 0.021476, 99
5, 0.023326, 99
6, 0.026433, 99
7, 0.033047, 99
8, 0.058020, 99
9, 0.068205, 99
10, 0.020248, 99
11, 0.035538, 99
12, 0.037719, 99
13, 0.063886, 99
14, 0.067936, 99
15, 0.015840, 99
16, 0.031311, 99
17, 0.045905, 99
18, 0.042143, 99
19, 0.042456, 99
20, -0.001327, 99
21, 0.371869, 99
22, 0.756046, 99
23, 0.739764, 99
24, 0.310195, 99
25, 0.047674, 99
26, 0.051050, 99
27, 0.030937, 99
28, 0.072827, 99
29, 0.041427, 99
30, 0.071670, 99
31, 0.061954, 99
32, 0.088369, 99
33, 0.043120, 99
34, 0.073675, 99
35, 0.040282, 99
36, 0.038109, 99
37, 0.081079, 99
38, 0.036037, 99
39, 0.036145, 99
40, 0.052247, 99
41, 0.083850, 99
42, 0.104188, 99
43, 0.039776, 99
44, 0.029680, 99
45, 0.044214, 99
46, 0.069724, 99
47, 0.022081, 99
48, 0.048831, 99
49, 0.028987, 99
50, -0.024921, 99
51, -0.005410, 99
52, 0.024045, 99
53, 0.040008, 99
54, 0.063367, 99
55, 0.051696, 99
56, 0.064002, 99
57, 0.053515, 99
58, 0.078593, 99
59, 0.047243, 99
60, 0.107267, 99
1, 0.042363, 99
2, 0.031063, 99
3, 0.041722, 99
4, 0.014750, 99
5, 0.021295, 99
6, 0.015842, 99
7, 0.044257, 99
8, 0.051549, 99
9, 0.044396, 99
10, 0.021038, 99
11, 0.052903, 99
12, 0.038278, 99
13, 0.052685, 99
14, 0.024373, 99
15, 0.047057, 99
16, 0.026619, 99
17, 0.057053, 99
18, 0.042045, 99
19, 0.041802, 99
20, 0.042639, 99
21, 0.066932, 99
22, 0.034324, 99
23, 0.064410, 99
24, 0.058004, 99
25, 0.677911, 99
26, 0.669088, 99
27, 0.785384, 99
28, 0.745695, 99
29, 0.054007, 99
30, 0.088797, 99
31, 0.067910, 99
32, 0.068202, 99
33, 0.067068, 99
34, 0.067318, 99
35, 0.048635, 99
36, 0.037575, 99
37, 0.041075, 99
38, 0.024658, 99
39, 0.028160, 99
40, 0.033646, 99
41, 0.065237, 99
42, 0.032858, 99
43, 0.063621, 99
44, 0.048874, 99
45, 0.043368, 99
46, 0.047122, 99
47, 0.026994, 99
48, 0.040289, 99
49, 0.027282, 99
50, 0.019665, 99
51, 0.032680, 99
52, 0.016571, 99
53, 0.015287, 99
54, 0.072750, 99
55, 0.048863, 99
56, 0.054901, 99
57, 0.050204, 99
58, 0.045504, 99
59, 0.034834, 99
60, 0.062277, 99
1, 0.045199, 99
2, 0.056552, 99
3, 0.074962, 99
4, 0.029715, 99
5, 0.024487, 99
6, 0.023017, 99
7, 0.078692, 99
8, 0.094779, 99
9, 0.070575, 99
10, 0.072980, 99
11, 0.063805, 99
12, 0.065695, 99
13, 0.102799, 99
14, 0.031611, 99
15, 0.060319, 99
16, 0.044708, 99
17, 0.086395, 99
18, 0.072542, 99
19, 0.042333, 99
20, 0.017822, 99
21, 0.087809, 99
22, 0.065414, 99
23, 0.089622, 99
24, 0.068014, 99
25, 0.111536, 99
26, 0.064837, 99
27, 0.099264, 99
28, 0.070096, 99
29, 0.144478, 99
30, 0.708044, 99
31, 0.547099, 99
32, 0.713344, 99
33, 0.087321, 99
34, 0.091179, 99
35, 0.052169, 99
36, 0.051308, 99
37, 0.069658, 99
38, 0.049248, 99
39, 0.008053, 99
40, 0.053802, 99
41, 0.076627, 99
42, 0.098151, 99
43, 0.070412, 99
44, 0.082969, 99
45, 0.055840, 99
46, 0.072315, 99
47, 0.017928, 99
48, 0.091016, 99
49, 0.045023, 99
50, 0.010644, 99
51, 0.001948, 99
52, 0.039775, 99
53, 0.022275, 99
54, 0.069839, 99
55, 0.067322, 99
56, 0.103761, 99
57, 0.064497, 99
58, 0.060776, 99
59, 0.038859, 99
60, 0.122314, 99
1, 0.023029, 99
2, 0.012822, 99
3, 0.033747, 99
4, 0.006756, 99
5, 0.024292, 99
6, 0.011676, 99
7, 0.054870, 99
8, 0.060390, 99
9, 0.055752, 99
10, 0.048026, 99
11, 0.049014, 99
12, 0.050238, 99
13, 0.071026, 99
14, 0.038430, 99
15, 0.051903, 99
16, 0.031425, 99
17, 0.054890, 99
18, 0.047058, 99
19, 0.056015, 99
20, 0.009989, 99
21, 0.062059, 99
22, 0.045665, 99
23, 0.057991, 99
24, 0.037871, 99
25, 0.057761, 99
26, 0.035717, 99
27, 0.080075, 99
28, 0.065922, 99
29, 0.047092, 99
30, 0.057997, 99
31, 0.029364, 99
32, 0.092453, 99
33, 0.772021, 99
34, 0.826970, 99
35, 0.711470, 99
36, 0.365943, 99
37, 0.040272, 99
38, 0.042252, 99
39, 0.015356, 99
40, 0.028934, 99
41, 0.052200, 99
42, 0.054905, 99
43, 0.056747, 99
44, 0.071118, 99
45, 0.050373, 99
46, 0.025614, 99
47, -0.001594, 99
48, 0.043895, 99
49, 0.029403, 99
50, 0.010026, 99
51, 0.001132, 99
52, 0.019600, 99
53, 0.022946, 99
54, 0.033159, 99
55, 0.046675, 99
56, 0.040195, 99
57, 0.032632, 99
58, 0.043508, 99
59, 0.030071, 99
60, 0.072635, 99
1, 0.023530, 99
2, 0.043341, 99
3, 0.039085, 99
4, 0.009736, 99
5, 0.027118, 99
6, 0.018527, 99
7, 0.034875, 99
8, 0.040654, 99
9, 0.041629, 99
10, 0.046333, 99
11, 0.025514, 99
12, 0.027933, 99
13, 0.044931, 99
14, 0.030852, 99
15, 0.036399, 99
16, 0.056852, 99
17, 0.013513, 99
18, 0.008665, 99
19, 0.030892, 99
20, 0.011990, 99
21, 0.047466, 99
22, 0.051165, 99
23, 0.040825, 99
24, 0.044965, 99
25, 0.051620, 99
26, 0.037052, 99
27, 0.020480, 99
28, 0.040639, 99
29, 0.028296, 99
30, 0.060158, 99
31, 0.037961, 99
32, 0.045164, 99
33, 0.020382, 99
34, 0.045603, 99
35, 0.022743, 99
36, 0.045213, 99
37, 0.846274, 99
38, 0.811090, 99
39, 0.782142, 99
40, 0.499214, 99
41, 0.054416, 99
42, 0.046918, 99
43, 0.049017, 99
44, 0.005579, 99
45, 0.030610, 99
46, 0.029598, 99
47, 0.004748, 99
48, 0.044231, 99
49, 0.044825, 99
50, 0.008687, 99
51, 0.002448, 99
52, 0.025038, 99
53, 0.001943, 99
54, 0.045882, 99
55, 0.044827, 99
56, 0.050198, 99
57, 0.065133, 99
58, 0.042037, 99
59, 0.032015, 99
60, 0.047042, 99
1, 0.026619, 99
2, 0.038832, 99
3, 0.038157, 99
4, 0.018256, 99
5, 0.011912, 99
6, 0.018942, 99
7, 0.048398, 99
8, 0.052649, 99
9, 0.052627, 99
10, 0.022420, 99
11, 0.043367, 99
12, 0.043772, 99
13, 0.062322, 99
14, 0.029015, 99
15, 0.070167, 99
16, 0.040722, 99
17, 0.042127, 99
18, 0.033984, 99
19, 0.068198, 99
20, 0.025379, 99
21, 0.081599, 99
22, 0.055648, 99
23, 0.099364, 99
24, 0.063078, 99
25, 0.060693, 99
26, 0.049354, 99
27, 0.041054, 99
28, 0.055516, 99
29, 0.043295, 99
30, 0.086767, 99
31, 0.072641, 99
32, 0.072411, 99
33, 0.067105, 99
34, 0.073731, 99
35, 0.055715, 99
36, 0.042707, 99
37, 0.057743, 99
38, 0.010032, 99
39, 0.025438, 99
40, 0.045970, 99
41, 0.517454, 99
42, 0.580938, 99
43, 0.484527, 99
44, 0.671916, 99
45, 0.072528, 99
46, 0.060968, 99
47, 0.006386, 99
48, 0.064179, 99
49, 0.006708, 99
50, 0.013837, 99
51, 0.005385, 99
52, 0.015864, 99
53, 0.015493, 99
54, 0.071348, 99
55, 0.066611, 99
56, 0.064887, 99
57, 0.051075, 99
58, 0.038864, 99
59, 0.039471, 99
60, 0.102742, 99
1, 0.048241, 99
2, 0.026403, 99
3, 0.045197, 99
4, 0.017052, 99
5, 0.019613, 99
6, 0.019398, 99
7, 0.027626, 99
8, 0.047732, 99
9, 0.037157, 99
10, 0.035306, 99
11, 0.028837, 99
12, 0.052575, 99
13, 0.056226, 99
14, 0.029200, 99
15, 0.018063, 99
16, 0.032817, 99
17, 0.038961, 99
18, 0.017490, 99
19, 0.031317, 99
20, 0.029268, 99
21, 0.063964, 99
22, 0.044958, 99
23, 0.068369, 99
24, 0.052924, 99
25, 0.056889, 99
26, 0.045174, 99
27, 0.028759, 99
28, 0.049774, 99
29, 0.028470, 99
30, 0.063889, 99
31, 0.068797, 99
32, 0.057083, 99
33, 0.034238, 99
34, 0.046152, 99
35, 0.032576, 99
36, 0.043088, 99
37, 0.052098, 99
38, 0.017840, 99
39, 0.019131, 99
40, 0.026214, 99
41, 0.080961, 99
42, 0.054615, 99
43, 0.050421, 99
44, 0.037207, 99
45, 0.730434, 99
46, 0.820692, 99
47, 0.704722, 99
48, 0.762973, 99
49, 0.016639, 99
50, -0.012784, 99
51, -0.004972, 99
52, 0.021007, 99
53, 0.041794, 99
54, 0.049426, 99
55, 0.049675, 99
56, 0.059711, 99
57, 0.044454, 99
58, 0.055640, 99
59, 0.009018, 99
60, 0.044605, 99
1, 0.030878, 99
2, 0.015790, 99
3, 0.011104, 99
4, 0.022160, 99
5, 0.001074, 99
6, 0.002548, 99
7, 0.038555, 99
8, 0.026691, 99
9, 0.032549, 99
10, 0.022570, 99
11, 0.027919, 99
12, 0.027733, 99
13, 0.023387, 99
14, 0.029529, 99
15, 0.011054, 99
16, 0.002141, 99
17, 0.007644, 99
18, 0.010569, 99
19, 0.011662, 99
20, 0.027986, 99
21, 0.023042, 99
22, 0.022605, 99
23, 0.036775, 99
24, 0.020698, 99
25, 0.032484, 99
26, 0.014314, 99
27, 0.020778, 99
28, 0.017833, 99
29, 0.007502, 99
30, 0.027955, 99
31, 0.021394, 99
32, 0.029766, 99
33, 0.005020, 99
34, 0.020139, 99
35, 0.014735, 99
36, 0.002602, 99
37, 0.040421, 99
38, 0.044055, 99
39, 0.004298, 99
40, 0.019855, 99
41, 0.031908, 99
42, 0.024525, 99
43, 0.016100, 99
44, 0.026802, 99
45, 0.022668, 99
46, 0.017923, 99
47, 0.025265, 99
48, 0.027625, 99
49, 0.866638, 99
50, 0.573241, 99
51, 0.532875, 99
52, 0.811681, 99
53, 0.014008, 99
54, 0.023653, 99
55, 0.030271, 99
56, 0.006927, 99
57, 0.023949, 99
58, 0.023298, 99
59, 0.003503, 99
60, 0.047831, 99
1, 0.031809, 99
2, 0.046618, 99
3, 0.045488, 99
4, -0.007618, 99
5, 0.012011, 99
6, 0.017618, 99
7, -0.000808, 99
8, 0.056426, 99
9, 0.040079, 99
10, 0.024713, 99
11, 0.029458, 99
12, 0.034255, 99
13, 0.050447, 99
14, 0.026322, 99
15, 0.030120, 99
16, 0.009407, 99
17, 0.047606, 99
18, 0.029594, 99
19, 0.025692, 99
20, 0.023200, 99
21, 0.070103, 99
22, 0.026613, 99
23, 0.024421, 99
24, 0.038980, 99
25, 0.094163, 99
26, 0.068463, 99
27, 0.022528, 99
28, 0.061939, 99
29, 0.046523, 99
30, 0.043137, 99
31, 0.056588, 99
32, 0.076781, 99
33, 0.056240, 99
34, 0.051177, 99
35, 0.014697, 99
36, 0.037293, 99
37, 0.039773, 99
38, 0.008943, 99
39, 0.024004, 99
40, 0.046592, 99
41, 0.082985, 99
42, 0.057114, 99
43, 0.029004, 99
44, 0.032710, 99
45, 0.011300, 99
46, 0.047776, 99
47, 0.006252, 99
48, 0.058951, 99
49, 0.011368, 99
50, 0.011807, 99
51, 0.012287, 99
52, 0.012891, 99
53, 0.100501, 99
54, 0.746059, 99
55, 0.745311, 99
56, 0.710688, 99
57, 0.036195, 99
58, 0.073757, 99
59, 0.058034, 99
60, 0.071435, 99
1, 0.037077, 99
2, 0.029343, 99
3, 0.037245, 99
4, 0.013533, 99
5, -0.003191, 99
6, -0.001178, 99
7, 0.034351, 99
8, 0.046894, 99
9, 0.065219, 99
10, 0.052585, 99
11, 0.038162, 99
12, 0.044476, 99
13, 0.060316, 99
14, 0.027977, 99
15, 0.047808, 99
16, 0.043819, 99
17, 0.047078, 99
18, 0.031634, 99
19, 0.051779, 99
20, 0.012897, 99
21, 0.110035, 99
22, 0.044600, 99
23, 0.070693, 99
24, 0.063084, 99
25, 0.084882, 99
26, 0.062155, 99
27, 0.042753, 99
28, 0.030400, 99
29, 0.018204, 99
30, 0.084124, 99
31, 0.082371, 99
32, 0.074846, 99
33, 0.039069, 99
34, 0.062304, 99
35, 0.050810, 99
36, 0.058656, 99
37, 0.056161, 99
38, 0.034835, 99
39, 0.032573, 99
40, 0.045086, 99
41, 0.070282, 99
42, 0.078164, 99
43, 0.061619, 99
44, 0.053092, 99
45, 0.021314, 99
46, 0.043552, 99
47, -0.020365, 99
48, 0.039258, 99
49, 0.037932, 99
50, -0.019911, 99
51, -0.009845, 99
52, 0.019173, 99
53, 0.010229, 99
54, 0.077899, 99
55, 0.061243, 99
56, 0.076401, 99
57, 0.676225, 99
58, 0.773839, 99
59, 0.683575, 99
60, 0.807241, 99
