1, 0.555145, 99
2, 0.622368, 99
3, 0.574652, 99
4, 0.656418, 99
5, 0.681668, 99
6, 0.634124, 99
7, 0.369938, 99
8, 0.540299, 99
9, 0.145626, 99
10, 0.069687, 99
11, 0.093080, 99
12, 0.093396, 99
13, 0.124924, 99
14, 0.068655, 99
15, 0.074075, 99
16, 0.072564, 99
17, 0.046589, 99
18, 0.087414, 99
19, 0.060937, 99
20, 0.039093, 99
21, 0.076966, 99
22, 0.067693, 99
23, 0.089880, 99
24, 0.057166, 99
25, 0.073289, 99
26, 0.066296, 99
27, 0.076055, 99
28, 0.085696, 99
29, 0.071450, 99
30, 0.102687, 99
31, 0.104104, 99
32, 0.093761, 99
33, 0.050569, 99
34, 0.094022, 99
35, 0.067168, 99
36, 0.054273, 99
37, 0.104397, 99
38, 0.044680, 99
39, 0.058138, 99
40, 0.057446, 99
41, 0.074681, 99
42, 0.091132, 99
43, 0.071398, 99
44, 0.067590, 99
45, 0.082407, 99
46, 0.090959, 99
47, 0.041269, 99
48, 0.083507, 99
49, 0.048729, 99
50, 0.043071, 99
51, 0.018452, 99
52, 0.041967, 99
53, 0.021112, 99
54, 0.064753, 99
55, 0.065600, 99
56, 0.086174, 99
57, 0.069790, 99
58, 0.067467, 99
59, 0.036992, 99
60, 0.090535, 99
61, 0.099106, 99
62, 0.085262, 99
63, 0.116702, 99
64, 0.072889, 99
65, 0.067148, 99
66, 0.067380, 99
67, 0.106482, 99
68, 0.051224, 99
69, 0.056738, 99
70, 0.071793, 99
71, 0.049679, 99
72, 0.056585, 99
73, 0.042763, 99
74, 0.058700, 99
75, 0.086822, 99
76, 0.081620, 99
77, 0.112855, 99
78, 0.080156, 99
79, 0.122459, 99
80, 0.117268, 99
81, 0.080024, 99
82, 0.114997, 99
83, 0.081205, 99
84, 0.083741, 99
85, 0.064835, 99
86, 0.085433, 99
87, 0.080873, 99
88, 0.059837, 99
89, 0.055218, 99
90, 0.080967, 99
91, 0.072856, 99
92, 0.078777, 99
93, 0.089295, 99
94, 0.081519, 99
95, 0.066001, 99
96, 0.067681, 99
97, 0.087272, 99
98, 0.044285, 99
99, 0.078754, 99
100, 0.076805, 99
101, 0.084193, 99
102, 0.098608, 99
103, 0.089268, 99
104, 0.099741, 99
105, 0.102918, 99
106, 0.095174, 99
107, 0.082157, 99
108, 0.100451, 99
109, 0.061859, 99
110, 0.120879, 99
111, 0.077569, 99
112, 0.082298, 99
113, 0.056194, 99
114, 0.070699, 99
115, 0.076569, 99
116, 0.076970, 99
117, 0.081947, 99
118, 0.061635, 99
119, 0.088979, 99
120, 0.087794, 99
1, 0.080420, 99
2, 0.100300, 99
3, 0.067425, 99
4, 0.066319, 99
5, 0.096899, 99
6, 0.088682, 99
7, 0.099876, 99
8, 0.173699, 99
9, 0.544239, 99
10, 0.398072, 99
11, 0.645906, 99
12, 0.600918, 99
13, 0.465652, 99
14, 0.447359, 99
15, 0.390295, 99
16, 0.444370, 99
17, 0.075995, 99
18, -0.072302, 99
19, 0.090482, 99
20, 0.060325, 99
21, 0.122198, 99
22, 0.093830, 99
23, 0.135342, 99
24, 0.084891, 99
25, 0.113403, 99
26, 0.087571, 99
27, 0.077157, 99
28, 0.090045, 99
29, 0.081976, 99
30, 0.098294, 99
31, 0.106884, 99
32, 0.107052, 99
33, 0.083154, 99
34, -0.066770, 99
35, 0.096462, 99
36, 0.074720, 99
37, 0.118890, 99
38, 0.076938, 99
39, 0.059556, 99
40, 0.065210, 99
41, 0.113861, 99
42, 0.115484, 99
43, -0.062362, 99
44, 0.067872, 99
45, 0.113790, 99
46, 0.095708, 99
47, 0.040887, 99
48, 0.089953, 99
49, 0.073401, 99
50, 0.052188, 99
51, 0.045151, 99
52, 0.051212, 99
53, 0.053715, 99
54, 0.089936, 99
55, 0.086502, 99
56, 0.100960, 99
57, 0.113015, 99
58, 0.109522, 99
59, 0.049593, 99
60, 0.150126, 99
61, 0.095395, 99
62, 0.083999, 99
63, 0.098527, 99
64, 0.094635, 99
65, 0.093265, 99
66, 0.091181, 99
67, 0.116392, 99
68, 0.068513, 99
69, 0.087629, 99
70, 0.078865, 99
71, 0.064887, 99
72, 0.042465, 99
73, 0.037287, 99
74, 0.089798, 99
75, 0.106970, 99
76, 0.128812, 99
77, 0.106958, 99
78, 0.101171, 99
79, 0.155220, 99
80, 0.126187, 99
81, 0.110833, 99
82, 0.113882, 99
83, 0.105161, 99
84, 0.084269, 99
85, 0.109418, 99
86, 0.081524, 99
87, 0.118521, 99
88, 0.058649, 99
89, 0.056094, 99
90, 0.110461, 99
91, 0.111637, 99
92, 0.118803, 99
93, 0.114824, 99
94, 0.096628, 99
95, 0.102773, 99
96, 0.109835, 99
97, 0.141344, 99
98, 0.059151, 99
99, 0.117532, 99
100, 0.108033, 99
101, 0.119176, 99
102, 0.137301, 99
103, 0.089477, 99
104, 0.122013, 99
105, 0.123286, 99
106, 0.093934, 99
107, 0.098803, 99
108, 0.108027, 99
109, 0.108049, 99
110, 0.140944, 99
111, 0.099466, 99
112, 0.093610, 99
113, 0.065427, 99
114, 0.097921, 99
115, 0.086140, 99
116, 0.104238, 99
117, 0.112624, 99
118, -0.036819, 99
119, 0.099741, 99
120, 0.110827, 99
1, 0.070892, 99
2, 0.082765, 99
3, 0.072372, 99
4, 0.062924, 99
5, 0.039593, 99
6, 0.059065, 99
7, 0.114763, 99
8, 0.108570, 99
9, 0.020464, 99
10, 0.080093, 99
11, 0.099410, 99
12, 0.089113, 99
13, -0.018878, 99
14, 0.154615, 99
15, 0.136478, 99
16, 0.084974, 99
17, 0.540662, 99
18, 0.421446, 99
19, 0.565923, 99
20, 0.686270, 99
21, 0.421042, 99
22, 0.454824, 99
23, 0.534693, 99
24, 0.501673, 99
25, 0.124171, 99
26, 0.125911, 99
27, 0.120480, 99
28, 0.156486, 99
29, 0.092922, 99
30, 0.125433, 99
31, 0.082924, 99
32, 0.154167, 99
33, 0.095559, 99
34, -0.002345, 99
35, 0.092747, 99
36, 0.062785, 99
37, 0.104849, 99
38, 0.074159, 99
39, 0.055864, 99
40, 0.080424, 99
41, 0.143890, 99
42, 0.180696, 99
43, 0.150800, 99
44, 0.099543, 99
45, 0.118897, 99
46, 0.102246, 99
47, 0.069148, 99
48, 0.097594, 99
49, 0.075279, 99
50, 0.023430, 99
51, 0.044237, 99
52, 0.075356, 99
53, 0.074918, 99
54, 0.101742, 99
55, 0.100094, 99
56, 0.108552, 99
57, 0.105146, 99
58, 0.118931, 99
59, 0.077471, 99
60, 0.166392, 99
61, 0.081956, 99
62, 0.018230, 99
63, 0.094201, 99
64, 0.069719, 99
65, 0.095200, 99
66, 0.078608, 99
67, 0.137536, 99
68, 0.103688, 99
69, 0.119221, 99
70, 0.089982, 99
71, 0.076179, 99
72, 0.052953, 99
73, 0.069975, 99
74, 0.096559, 99
75, 0.168186, 99
76, 0.136514, 99
77, 0.112235, 99
78, 0.084880, 99
79, 0.151698, 99
80, 0.108692, 99
81, 0.087080, 99
82, 0.077308, 99
83, 0.115834, 99
84, 0.080460, 99
85, 0.119536, 99
86, 0.086103, 99
87, 0.088262, 99
88, 0.062286, 99
89, 0.089899, 99
90, 0.142517, 99
91, 0.187158, 99
92, 0.142194, 99
93, 0.117614, 99
94, 0.096627, 99
95, 0.162734, 99
96, 0.141754, 99
97, 0.135610, 99
98, 0.109990, 99
99, 0.119261, 99
100, 0.155855, 99
101, 0.155529, 99
102, 0.148833, 99
103, 0.114747, 99
104, 0.127529, 99
105, 0.151768, 99
106, 0.111744, 99
107, 0.141794, 99
108, 0.138311, 99
109, 0.117180, 99
110, 0.126610, 99
111, 0.129308, 99
112, 0.120587, 99
113, 0.101253, 99
114, 0.073131, 99
115, 0.109192, 99
116, 0.114183, 99
117, 0.144709, 99
118, 0.082807, 99
119, 0.074146, 99
120, 0.102157, 99
1, 0.070539, 99
2, 0.087028, 99
3, 0.108575, 99
4, 0.034787, 99
5, 0.044881, 99
6, 0.050792, 99
7, 0.105177, 99
8, 0.121777, 99
9, 0.111837, 99
10, 0.096078, 99
11, 0.099054, 99
12, 0.075239, 99
13, 0.144616, 99
14, 0.060308, 99
15, 0.100811, 99
16, 0.078251, 99
17, 0.137060, 99
18, 0.101406, 99
19, 0.087946, 99
20, 0.046817, 99
21, 0.163950, 99
22, 0.098829, 99
23, 0.145670, 99
24, 0.145908, 99
25, 0.497495, 99
26, 0.470661, 99
27, 0.379005, 99
28, 0.482897, 99
29, 0.540237, 99
30, 0.421158, 99
31, 0.418965, 99
32, 0.453163, 99
33, 0.135216, 99
34, 0.169589, 99
35, 0.117796, 99
36, 0.085519, 99
37, 0.107758, 99
38, 0.058759, 99
39, 0.032902, 99
40, 0.099768, 99
41, 0.163971, 99
42, 0.151395, 99
43, 0.115800, 99
44, 0.122838, 99
45, 0.106921, 99
46, 0.125417, 99
47, 0.048792, 99
48, 0.147031, 99
49, 0.068231, 99
50, 0.040385, 99
51, 0.042866, 99
52, 0.047889, 99
53, 0.048684, 99
54, 0.153119, 99
55, 0.136370, 99
56, 0.154556, 99
57, 0.124023, 99
58, 0.125111, 99
59, 0.079253, 99
60, 0.166744, 99
61, 0.070301, 99
62, 0.086894, 99
63, 0.100025, 99
64, 0.078294, 99
65, 0.109063, 99
66, 0.067249, 99
67, 0.157017, 99
68, 0.124104, 99
69, 0.095718, 99
70, 0.086851, 99
71, 0.107872, 99
72, 0.107054, 99
73, 0.083795, 99
74, 0.123638, 99
75, 0.169535, 99
76, 0.164643, 99
77, 0.124124, 99
78, 0.129870, 99
79, 0.152287, 99
80, 0.120384, 99
81, 0.094835, 99
82, 0.100885, 99
83, 0.128979, 99
84, 0.067970, 99
85, 0.073777, 99
86, 0.075724, 99
87, 0.096879, 99
88, 0.056005, 99
89, 0.078526, 99
90, 0.173919, 99
91, 0.169325, 99
92, 0.141813, 99
93, -0.073176, 99
94, 0.099981, 99
95, 0.136355, 99
96, 0.110180, 99
97, 0.108957, 99
98, 0.120473, 99
99, 0.153309, 99
100, 0.165121, 99
101, 0.184743, 99
102, 0.175999, 99
103, 0.125511, 99
104, 0.161793, 99
105, 0.161485, 99
106, 0.141753, 99
107, 0.103591, 99
108, 0.145579, 99
109, 0.123998, 99
110, 0.151467, 99
111, 0.151174, 99
112, 0.164202, 99
113, 0.121616, 99
114, 0.105685, 99
115, 0.132981, 99
116, 0.162164, 99
117, 0.156927, 99
118, 0.062431, 99
119, 0.075101, 99
120, 0.104954, 99
1, 0.070278, 99
2, 0.087987, 99
3, 0.092408, 99
4, 0.046432, 99
5, 0.059422, 99
6, 0.047838, 99
7, 0.091031, 99
8, 0.100510, 99
9, 0.098706, 99
10, 0.091403, 99
11, 0.084568, 99
12, 0.091646, 99
13, 0.132491, 99
14, 0.072285, 99
15, 0.075387, 99
16, 0.093982, 99
17, 0.073153, 99
18, 0.064554, 99
19, 0.073752, 99
20, 0.033255, 99
21, 0.105202, 99
22, 0.105464, 99
23, 0.118699, 99
24, 0.101464, 99
25, 0.124177, 99
26, 0.085375, 99
27, 0.082777, 99
28, 0.109399, 99
29, 0.091731, 99
30, 0.111931, 99
31, 0.088949, 99
32, 0.124987, 99
33, 0.382335, 99
34, 0.492449, 99
35, 0.563536, 99
36, 0.486866, 99
37, 0.450055, 99
38, 0.408461, 99
39, 0.479674, 99
40, 0.611381, 99
41, 0.113300, 99
42, 0.119983, 99
43, 0.101548, 99
44, 0.075358, 99
45, 0.100492, 99
46, 0.083058, 99
47, 0.031563, 99
48, 0.108709, 99
49, 0.066825, 99
50, 0.036428, 99
51, 0.030027, 99
52, 0.051420, 99
53, 0.036258, 99
54, 0.095407, 99
55, 0.100174, 99
56, 0.096294, 99
57, 0.105939, 99
58, 0.082056, 99
59, 0.066772, 99
60, 0.132766, 99
61, 0.075341, 99
62, 0.094438, 99
63, 0.118566, 99
64, 0.093387, 99
65, 0.112358, 99
66, 0.084731, 99
67, 0.122764, 99
68, 0.092679, 99
69, 0.066008, 99
70, 0.061434, 99
71, 0.050228, 99
72, 0.064995, 99
73, 0.063407, 99
74, 0.092150, 99
75, 0.125073, 99
76, 0.130843, 99
77, 0.104646, 99
78, 0.104922, 99
79, 0.124811, 99
80, 0.123695, 99
81, 0.089453, 99
82, 0.096112, 99
83, 0.097258, 99
84, 0.065994, 99
85, 0.073886, 99
86, 0.058326, 99
87, 0.101132, 99
88, 0.024117, 99
89, 0.054746, 99
90, 0.119447, 99
91, 0.106859, 99
92, 0.143232, 99
93, 0.116678, 99
94, 0.080453, 99
95, 0.092843, 99
96, 0.074797, 99
97, 0.086897, 99
98, 0.072298, 99
99, 0.119230, 99
100, 0.107794, 99
101, 0.112191, 99
102, 0.124244, 99
103, 0.080647, 99
104, 0.161088, 99
105, 0.126777, 99
106, 0.125954, 99
107, 0.108070, 99
108, 0.135476, 99
109, 0.121684, 99
110, 0.110504, 99
111, 0.096881, 99
112, 0.096996, 99
113, 0.083682, 99
114, 0.087648, 99
115, 0.095910, 99
116, 0.099805, 99
117, 0.109695, 99
118, 0.083675, 99
119, 0.098224, 99
120, 0.092754, 99
1, 0.057808, 99
2, 0.069208, 99
3, 0.088538, 99
4, 0.052898, 99
5, 0.041258, 99
6, 0.052271, 99
7, 0.096984, 99
8, 0.105270, 99
9, 0.093032, 99
10, 0.083063, 99
11, 0.087233, 99
12, 0.070682, 99
13, 0.118323, 99
14, 0.066478, 99
15, 0.091525, 99
16, 0.072721, 99
17, 0.067657, 99
18, 0.076326, 99
19, 0.081708, 99
20, 0.068966, 99
21, 0.142410, 99
22, 0.107460, 99
23, 0.168935, 99
24, 0.113138, 99
25, 0.123249, 99
26, 0.106977, 99
27, 0.095671, 99
28, 0.106512, 99
29, 0.067157, 99
30, 0.149156, 99
31, 0.150234, 99
32, 0.138882, 99
33, 0.086974, 99
34, 0.122070, 99
35, 0.094216, 99
36, 0.083522, 99
37, 0.111876, 99
38, 0.043445, 99
39, 0.054292, 99
40, 0.079381, 99
41, 0.448204, 99
42, 0.503999, 99
43, 0.387493, 99
44, 0.332694, 99
45, 0.548941, 99
46, 0.380068, 99
47, 0.584235, 99
48, 0.351356, 99
49, 0.051333, 99
50, 0.035617, 99
51, 0.031540, 99
52, 0.044074, 99
53, 0.065653, 99
54, 0.105497, 99
55, 0.105781, 99
56, 0.114349, 99
57, 0.105661, 99
58, 0.079580, 99
59, 0.061026, 99
60, 0.141216, 99
61, 0.069221, 99
62, 0.078358, 99
63, 0.063990, 99
64, 0.068782, 99
65, 0.104492, 99
66, 0.052960, 99
67, 0.104603, 99
68, 0.098836, 99
69, 0.088701, 99
70, 0.063886, 99
71, 0.071266, 99
72, 0.096750, 99
73, 0.039133, 99
74, 0.086796, 99
75, 0.143803, 99
76, 0.158771, 99
77, 0.103226, 99
78, 0.096707, 99
79, 0.132061, 99
80, 0.109978, 99
81, 0.084450, 99
82, 0.098549, 99
83, 0.094906, 99
84, 0.056768, 99
85, 0.077656, 99
86, 0.058768, 99
87, 0.079689, 99
88, 0.039617, 99
89, 0.066886, 99
90, 0.165494, 99
91, 0.134205, 99
92, 0.123129, 99
93, 0.105617, 99
94, 0.105245, 99
95, 0.117492, 99
96, 0.124170, 99
97, 0.106912, 99
98, 0.112640, 99
99, 0.128469, 99
100, 0.117833, 99
101, 0.109482, 99
102, 0.155981, 99
103, 0.122262, 99
104, 0.144595, 99
105, 0.145169, 99
106, 0.130601, 99
107, 0.078801, 99
108, 0.125841, 99
109, 0.094895, 99
110, 0.118458, 99
111, 0.127813, 99
112, 0.127969, 99
113, 0.088799, 99
114, 0.089682, 99
115, 0.116713, 99
116, 0.115149, 99
117, 0.109904, 99
118, 0.035801, 99
119, 0.056344, 99
120, 0.088487, 99
1, 0.075065, 99
2, 0.063403, 99
3, 0.055849, 99
4, 0.014705, 99
5, 0.027508, 99
6, 0.037423, 99
7, 0.057527, 99
8, 0.091165, 99
9, 0.087072, 99
10, 0.082019, 99
11, 0.052909, 99
12, 0.064953, 99
13, 0.087521, 99
14, 0.063679, 99
15, 0.056995, 99
16, 0.065853, 99
17, 0.085722, 99
18, 0.070650, 99
19, 0.058152, 99
20, 0.086396, 99
21, 0.114805, 99
22, 0.052630, 99
23, 0.073481, 99
24, 0.082751, 99
25, 0.137879, 99
26, 0.114222, 99
27, 0.075552, 99
28, 0.088298, 99
29, 0.091196, 99
30, 0.091868, 99
31, 0.095534, 99
32, 0.106919, 99
33, 0.068924, 99
34, 0.075070, 99
35, 0.046166, 99
36, 0.061021, 99
37, 0.070267, 99
38, 0.058675, 99
39, 0.028631, 99
40, 0.084350, 99
41, 0.109203, 99
42, 0.093571, 99
43, 0.058361, 99
44, 0.075353, 99
45, 0.062060, 99
46, 0.089062, 99
47, 0.050496, 99
48, 0.087813, 99
49, 0.512140, 99
50, 0.640491, 99
51, 0.667461, 99
52, 0.315691, 99
53, 0.652780, 99
54, 0.558170, 99
55, 0.586970, 99
56, 0.579491, 99
57, 0.079727, 99
58, 0.102288, 99
59, 0.087652, 99
60, 0.116487, 99
61, 0.050789, 99
62, 0.050727, 99
63, 0.061632, 99
64, 0.066374, 99
65, 0.078371, 99
66, 0.061680, 99
67, 0.105933, 99
68, 0.092640, 99
69, 0.032564, 99
70, 0.026448, 99
71, 0.059510, 99
72, 0.071861, 99
73, 0.030814, 99
74, 0.073356, 99
75, 0.100121, 99
76, 0.116599, 99
77, 0.084141, 99
78, 0.091330, 99
79, 0.079497, 99
80, 0.089473, 99
81, 0.082714, 99
82, 0.056977, 99
83, 0.072420, 99
84, 0.036271, 99
85, 0.106543, 99
86, 0.068080, 99
87, 0.071906, 99
88, 0.057910, 99
89, 0.079877, 99
90, 0.119129, 99
91, 0.085102, 99
92, 0.105547, 99
93, 0.078568, 99
94, 0.071215, 99
95, 0.123855, 99
96, 0.073326, 99
97, 0.083625, 99
98, 0.042182, 99
99, 0.077856, 99
100, 0.081742, 99
101, 0.126269, 99
102, 0.116945, 99
103, 0.085905, 99
104, 0.102955, 99
105, 0.116620, 99
106, 0.117084, 99
107, 0.080072, 99
108, 0.095840, 99
109, 0.089436, 99
110, 0.092906, 99
111, 0.113160, 99
112, 0.102616, 99
113, 0.075497, 99
114, 0.074290, 99
115, 0.097412, 99
116, 0.108765, 99
117, 0.072859, 99
118, 0.048898, 99
119, 0.061352, 99
120, 0.066642, 99
1, 0.081378, 99
2, 0.099040, 99
3, 0.091138, 99
4, 0.039668, 99
5, 0.062567, 99
6, 0.068380, 99
7, 0.083491, 99
8, 0.107018, 99
9, 0.135570, 99
10, 0.105888, 99
11, 0.092689, 99
12, 0.104858, 99
13, 0.134558, 99
14, 0.076385, 99
15, 0.080363, 99
16, 0.099592, 99
17, 0.089857, 99
18, 0.067452, 99
19, 0.072979, 99
20, 0.063913, 99
21, 0.161191, 99
22, 0.092675, 99
23, 0.135396, 99
24, 0.113680, 99
25, 0.140464, 99
26, 0.112339, 99
27, 0.097169, 99
28, 0.123603, 99
29, 0.085343, 99
30, 0.122552, 99
31, 0.124845, 99
32, 0.124138, 99
33, 0.091016, 99
34, -0.061070, 99
35, 0.089758, 99
36, 0.119934, 99
37, 0.118524, 99
38, 0.082033, 99
39, 0.060739, 99
40, 0.104079, 99
41, 0.126057, 99
42, 0.133386, 99
43, 0.107647, 99
44, 0.064788, 99
45, 0.082587, 99
46, 0.086494, 99
47, 0.024345, 99
48, 0.107106, 99
49, 0.079942, 99
50, 0.028605, 99
51, 0.023149, 99
52, 0.048462, 99
53, 0.047874, 99
54, 0.114400, 99
55, 0.104989, 99
56, 0.114161, 99
57, 0.426483, 99
58, 0.393158, 99
59, 0.345960, 99
60, 0.487193, 99
61, 0.514140, 99
62, 0.512771, 99
63, 0.565153, 99
64, 0.563486, 99
65, 0.129579, 99
66, 0.099717, 99
67, 0.136739, 99
68, 0.087732, 99
69, 0.075090, 99
70, 0.077340, 99
71, 0.073976, 99
72, 0.090474, 99
73, 0.049001, 99
74, 0.085125, 99
75, 0.143321, 99
76, 0.148843, 99
77, 0.111863, 99
78, 0.124761, 99
79, 0.155432, 99
80, 0.110967, 99
81, 0.109365, 99
82, 0.090262, 99
83, 0.106185, 99
84, 0.077150, 99
85, 0.078407, 99
86, 0.062490, 99
87, 0.069987, 99
88, 0.042253, 99
89, 0.063512, 99
90, 0.135208, 99
91, 0.112934, 99
92, 0.121241, 99
93, 0.135133, 99
94, 0.131113, 99
95, 0.107034, 99
96, 0.081059, 99
97, 0.103958, 99
98, 0.062708, 99
99, 0.136026, 99
100, 0.130591, 99
101, 0.134566, 99
102, 0.138253, 99
103, 0.096366, 99
104, 0.129196, 99
105, 0.141993, 99
106, 0.127948, 99
107, 0.096218, 99
108, 0.132673, 99
109, 0.141160, 99
110, 0.142092, 99
111, 0.112962, 99
112, 0.097198, 99
113, 0.060867, 99
114, 0.084494, 99
115, 0.100125, 99
116, 0.108282, 99
117, 0.124460, 99
118, 0.067264, 99
119, 0.090221, 99
120, 0.123614, 99
1, 0.074436, 99
2, 0.078670, 99
3, 0.084158, 99
4, 0.043037, 99
5, 0.045745, 99
6, 0.060812, 99
7, 0.072187, 99
8, 0.108556, 99
9, 0.071926, 99
10, 0.084778, 99
11, 0.081958, 99
12, 0.061639, 99
13, 0.113169, 99
14, 0.067846, 99
15, 0.069539, 99
16, 0.060507, 99
17, 0.092349, 99
18, 0.065747, 99
19, 0.067462, 99
20, 0.045657, 99
21, 0.115010, 99
22, 0.066511, 99
23, 0.112701, 99
24, 0.098442, 99
25, 0.139653, 99
26, 0.099771, 99
27, 0.102577, 99
28, 0.112277, 99
29, 0.102939, 99
30, 0.130833, 99
31, 0.116289, 99
32, 0.096240, 99
33, 0.091309, 99
34, 0.099383, 99
35, 0.080203, 99
36, 0.103052, 99
37, 0.102447, 99
38, 0.053600, 99
39, 0.034435, 99
40, 0.091911, 99
41, 0.118065, 99
42, 0.118032, 99
43, 0.098448, 99
44, 0.087177, 99
45, 0.077183, 99
46, 0.093276, 99
47, 0.068996, 99
48, 0.095879, 99
49, 0.048526, 99
50, 0.026859, 99
51, 0.043499, 99
52, 0.028177, 99
53, 0.035594, 99
54, 0.114331, 99
55, 0.092809, 99
56, 0.119115, 99
57, 0.096706, 99
58, 0.091580, 99
59, 0.053299, 99
60, 0.141597, 99
61, 0.064103, 99
62, 0.076297, 99
63, 0.094451, 99
64, 0.097969, 99
65, 0.481280, 99
66, 0.637689, 99
67, 0.556499, 99
68, 0.429537, 99
69, 0.322987, 99
70, 0.503800, 99
71, 0.419427, 99
72, 0.340441, 99
73, 0.061695, 99
74, 0.085831, 99
75, 0.145363, 99
76, 0.134377, 99
77, 0.119555, 99
78, 0.112773, 99
79, 0.111750, 99
80, 0.113786, 99
81, 0.079722, 99
82, 0.096481, 99
83, 0.106686, 99
84, 0.044155, 99
85, 0.074114, 99
86, 0.068970, 99
87, 0.104202, 99
88, 0.043100, 99
89, 0.058151, 99
90, 0.148792, 99
91, 0.122659, 99
92, 0.129299, 99
93, 0.125717, 99
94, 0.088008, 99
95, 0.085253, 99
96, 0.070437, 99
97, 0.090905, 99
98, 0.079617, 99
99, 0.121917, 99
100, 0.105038, 99
101, 0.132496, 99
102, 0.135830, 99
103, 0.116636, 99
104, 0.127145, 99
105, 0.123347, 99
106, 0.139970, 99
107, 0.081851, 99
108, 0.123380, 99
109, 0.103734, 99
110, 0.108038, 99
111, 0.109912, 99
112, 0.114430, 99
113, 0.106042, 99
114, 0.085914, 99
115, 0.097360, 99
116, 0.100029, 99
117, 0.108157, 99
118, 0.045163, 99
119, 0.057683, 99
120, 0.069663, 99
1, 0.083044, 99
2, 0.093770, 99
3, 0.088338, 99
4, 0.080456, 99
5, 0.029573, 99
6, 0.064796, 99
7, 0.084570, 99
8, 0.114565, 99
9, 0.137756, 99
10, 0.078090, 99
11, 0.095608, 99
12, 0.049957, 99
13, 0.131387, 99
14, 0.076123, 99
15, 0.099435, 99
16, 0.075828, 99
17, 0.115295, 99
18, 0.069995, 99
19, 0.078200, 99
20, 0.035039, 99
21, 0.141474, 99
22, 0.097537, 99
23, 0.161078, 99
24, 0.124615, 99
25, 0.150585, 99
26, 0.123143, 99
27, 0.106094, 99
28, 0.110741, 99
29, 0.082899, 99
30, 0.141561, 99
31, 0.140412, 99
32, 0.141798, 99
33, 0.096609, 99
34, 0.169633, 99
35, 0.107661, 99
36, 0.103884, 99
37, 0.105428, 99
38, 0.058032, 99
39, 0.031735, 99
40, 0.093522, 99
41, 0.146636, 99
42, 0.166056, 99
43, 0.106806, 99
44, 0.082085, 99
45, 0.106218, 99
46, 0.131897, 99
47, 0.048648, 99
48, 0.135220, 99
49, 0.072776, 99
50, 0.051829, 99
51, 0.041102, 99
52, 0.052708, 99
53, 0.073853, 99
54, 0.113766, 99
55, 0.101587, 99
56, 0.116053, 99
57, 0.129404, 99
58, 0.106466, 99
59, 0.071851, 99
60, 0.174168, 99
61, 0.074954, 99
62, 0.089304, 99
63, 0.111574, 99
64, 0.101426, 99
65, 0.119475, 99
66, 0.073408, 99
67, 0.156485, 99
68, 0.103383, 99
69, 0.093860, 99
70, 0.087265, 99
71, 0.091785, 99
72, 0.104666, 99
73, 0.322201, 99
74, 0.385738, 99
75, 0.509528, 99
76, 0.481496, 99
77, 0.607116, 99
78, 0.663288, 99
79, 0.524651, 99
80, 0.379268, 99
81, 0.113740, 99
82, 0.097929, 99
83, 0.144239, 99
84, 0.049545, 99
85, 0.080713, 99
86, 0.060979, 99
87, 0.084715, 99
88, 0.035087, 99
89, 0.051878, 99
90, 0.142942, 99
91, 0.127177, 99
92, 0.123553, 99
93, 0.145018, 99
94, 0.096994, 99
95, 0.109870, 99
96, 0.092969, 99
97, 0.108809, 99
98, 0.084480, 99
99, 0.123307, 99
100, 0.150276, 99
101, 0.146029, 99
102, 0.159035, 99
103, 0.119571, 99
104, 0.157695, 99
105, 0.156237, 99
106, 0.155809, 99
107, 0.091291, 99
108, 0.160654, 99
109, 0.129063, 99
110, 0.152099, 99
111, 0.142122, 99
112, 0.127715, 99
113, 0.076941, 99
114, 0.115020, 99
115, 0.122832, 99
116, 0.124689, 99
117, 0.147972, 99
118, 0.051626, 99
119, 0.084096, 99
120, 0.115335, 99
1, 0.110319, 99
2, 0.084176, 99
3, 0.073608, 99
4, 0.064293, 99
5, 0.069107, 99
6, 0.103081, 99
7, 0.088653, 99
8, 0.094090, 99
9, 0.107593, 99
10, 0.140519, 99
11, 0.086884, 99
12, 0.107149, 99
13, 0.093699, 99
14, 0.099449, 99
15, 0.085018, 99
16, 0.102968, 99
17, 0.080049, 99
18, 0.087176, 99
19, 0.085492, 99
20, 0.061892, 99
21, 0.097688, 99
22, 0.087407, 99
23, 0.097059, 99
24, 0.081378, 99
25, 0.108995, 99
26, 0.093230, 99
27, 0.069208, 99
28, 0.077214, 99
29, 0.089679, 99
30, 0.103652, 99
31, 0.111435, 99
32, 0.099491, 99
33, 0.056669, 99
34, 0.120900, 99
35, 0.089654, 99
36, 0.093266, 99
37, 0.114307, 99
38, 0.076415, 99
39, 0.057076, 99
40, 0.111218, 99
41, 0.101063, 99
42, 0.084504, 99
43, 0.082821, 99
44, 0.056539, 99
45, 0.100093, 99
46, 0.083233, 99
47, 0.066407, 99
48, 0.092134, 99
49, 0.086302, 99
50, 0.078758, 99
51, 0.063397, 99
52, 0.079429, 99
53, 0.071654, 99
54, 0.075208, 99
55, 0.064174, 99
56, 0.080384, 99
57, 0.142498, 99
58, 0.059787, 99
59, 0.046826, 99
60, 0.111309, 99
61, 0.082415, 99
62, 0.074773, 99
63, 0.077316, 99
64, 0.058439, 99
65, 0.104948, 99
66, 0.074928, 99
67, 0.141605, 99
68, 0.066501, 99
69, 0.074410, 99
70, 0.077146, 99
71, 0.048415, 99
72, 0.056344, 99
73, 0.049449, 99
74, 0.065275, 99
75, 0.107291, 99
76, 0.110534, 99
77, 0.088444, 99
78, 0.100368, 99
79, 0.116242, 99
80, 0.097684, 99
81, 0.395088, 99
82, 0.347833, 99
83, 0.366577, 99
84, 0.742196, 99
85, 0.616794, 99
86, 0.686545, 99
87, 0.516210, 99
88, 0.564321, 99
89, 0.110647, 99
90, 0.087252, 99
91, 0.075469, 99
92, 0.133824, 99
93, 0.105625, 99
94, 0.094164, 99
95, 0.078477, 99
96, 0.072634, 99
97, 0.078973, 99
98, 0.035289, 99
99, 0.076676, 99
100, 0.076138, 99
101, 0.079982, 99
102, 0.100983, 99
103, 0.083603, 99
104, 0.114117, 99
105, 0.118167, 99
106, 0.120128, 99
107, 0.102194, 99
108, 0.105769, 99
109, 0.092403, 99
110, 0.125913, 99
111, 0.082684, 99
112, 0.072788, 99
113, 0.038949, 99
114, 0.057198, 99
115, 0.070482, 99
116, 0.066652, 99
117, 0.107252, 99
118, 0.070953, 99
119, 0.074551, 99
120, 0.083293, 99
1, 0.076762, 99
2, 0.095767, 99
3, 0.088280, 99
4, 0.063670, 99
5, 0.045972, 99
6, 0.059553, 99
7, 0.108980, 99
8, 0.132441, 99
9, 0.118967, 99
10, 0.100238, 99
11, 0.108833, 99
12, 0.089692, 99
13, 0.114015, 99
14, 0.125084, 99
15, 0.118421, 99
16, 0.095431, 99
17, 0.151534, 99
18, 0.107886, 99
19, 0.124386, 99
20, 0.079839, 99
21, 0.157490, 99
22, 0.114621, 99
23, 0.151189, 99
24, 0.122263, 99
25, 0.138313, 99
26, 0.139389, 99
27, 0.119380, 99
28, 0.144104, 99
29, 0.101878, 99
30, 0.140538, 99
31, 0.143002, 99
32, 0.152853, 99
33, 0.108425, 99
34, 0.136388, 99
35, 0.121320, 99
36, 0.096718, 99
37, 0.142781, 99
38, 0.087464, 99
39, 0.061803, 99
40, 0.088410, 99
41, 0.185986, 99
42, 0.164478, 99
43, 0.143391, 99
44, 0.103505, 99
45, 0.125020, 99
46, 0.103950, 99
47, 0.061048, 99
48, 0.116700, 99
49, 0.067584, 99
50, 0.060206, 99
51, 0.039668, 99
52, 0.060297, 99
53, 0.045960, 99
54, 0.137364, 99
55, 0.139196, 99
56, 0.137198, 99
57, 0.119655, 99
58, 0.136100, 99
59, 0.070265, 99
60, 0.184598, 99
61, 0.064546, 99
62, 0.066679, 99
63, 0.116169, 99
64, 0.109490, 99
65, 0.125258, 99
66, 0.099392, 99
67, 0.179246, 99
68, 0.100842, 99
69, 0.095375, 99
70, 0.083345, 99
71, 0.081541, 99
72, 0.085355, 99
73, 0.055237, 99
74, 0.096747, 99
75, 0.174499, 99
76, 0.159699, 99
77, 0.129297, 99
78, 0.125164, 99
79, 0.130718, 99
80, 0.128677, 99
81, 0.116378, 99
82, 0.089297, 99
83, 0.129679, 99
84, 0.079634, 99
85, 0.099043, 99
86, 0.076014, 99
87, 0.101112, 99
88, 0.057706, 99
89, 0.323693, 99
90, 0.557724, 99
91, 0.516674, 99
92, 0.455758, 99
93, 0.427179, 99
94, 0.451636, 99
95, 0.481329, 99
96, 0.502381, 99
97, 0.140024, 99
98, 0.117884, 99
99, 0.114481, 99
100, 0.152265, 99
101, 0.164999, 99
102, 0.168463, 99
103, 0.136539, 99
104, 0.154508, 99
105, 0.183027, 99
106, 0.142387, 99
107, 0.115920, 99
108, 0.188663, 99
109, 0.143439, 99
110, 0.160263, 99
111, 0.149121, 99
112, 0.120189, 99
113, 0.093807, 99
114, 0.083207, 99
115, 0.120802, 99
116, 0.140688, 99
117, 0.141747, 99
118, 0.078249, 99
119, 0.094994, 99
120, 0.153468, 99
1, 0.079793, 99
2, 0.092338, 99
3, 0.095340, 99
4, 0.058786, 99
5, 0.051383, 99
6, 0.062218, 99
7, 0.102402, 99
8, 0.136729, 99
9, 0.120025, 99
10, 0.085775, 99
11, 0.091218, 99
12, 0.082267, 99
13, 0.133836, 99
14, 0.090772, 99
15, 0.118811, 99
16, 0.113089, 99
17, 0.127067, 99
18, 0.098091, 99
19, 0.115940, 99
20, 0.047410, 99
21, 0.200608, 99
22, 0.102602, 99
23, 0.156062, 99
24, 0.142067, 99
25, 0.166225, 99
26, 0.133964, 99
27, 0.140506, 99
28, 0.160695, 99
29, 0.119872, 99
30, 0.162696, 99
31, 0.169050, 99
32, 0.176432, 99
33, 0.128263, 99
34, 0.154163, 99
35, 0.118247, 99
36, 0.074910, 99
37, 0.125102, 99
38, 0.056869, 99
39, 0.037620, 99
40, 0.099361, 99
41, 0.150152, 99
42, 0.175472, 99
43, 0.141255, 99
44, 0.109966, 99
45, 0.095810, 99
46, 0.113042, 99
47, 0.049489, 99
48, 0.142504, 99
49, 0.068283, 99
50, 0.056337, 99
51, 0.030446, 99
52, 0.064574, 99
53, 0.043198, 99
54, 0.136108, 99
55, 0.130048, 99
56, 0.174950, 99
57, 0.128023, 99
58, 0.124376, 99
59, 0.088489, 99
60, 0.202887, 99
61, 0.077584, 99
62, 0.076958, 99
63, 0.094858, 99
64, 0.078484, 99
65, 0.125958, 99
66, 0.060652, 99
67, 0.160738, 99
68, 0.107549, 99
69, 0.127076, 99
70, 0.110321, 99
71, 0.098200, 99
72, 0.104552, 99
73, 0.068104, 99
74, 0.105002, 99
75, 0.175103, 99
76, 0.170522, 99
77, 0.154547, 99
78, 0.103787, 99
79, 0.147246, 99
80, 0.143756, 99
81, 0.087549, 99
82, 0.087943, 99
83, 0.121644, 99
84, 0.079157, 99
85, 0.067934, 99
86, 0.067128, 99
87, 0.078699, 99
88, 0.042617, 99
89, 0.097167, 99
90, 0.155775, 99
91, 0.156160, 99
92, 0.168169, 99
93, 0.145882, 99
94, 0.116735, 99
95, 0.156697, 99
96, 0.108811, 99
97, 0.524517, 99
98, 0.490230, 99
99, 0.565805, 99
100, 0.481136, 99
101, 0.515800, 99
102, 0.494800, 99
103, 0.472586, 99
104, 0.493236, 99
105, 0.161101, 99
106, 0.149769, 99
107, 0.111620, 99
108, 0.145010, 99
109, 0.129961, 99
110, 0.147002, 99
111, 0.165205, 99
112, 0.165062, 99
113, 0.090265, 99
114, 0.132553, 99
115, 0.148185, 99
116, 0.131426, 99
117, 0.202188, 99
118, 0.055514, 99
119, 0.078761, 99
120, 0.115471, 99
1, 0.093441, 99
2, 0.101165, 99
3, 0.115968, 99
4, 0.063656, 99
5, 0.036291, 99
6, 0.054899, 99
7, 0.108527, 99
8, 0.138001, 99
9, 0.139953, 99
10, 0.094890, 99
11, 0.075177, 99
12, 0.076581, 99
13, 0.142936, 99
14, 0.075995, 99
15, 0.115853, 99
16, 0.076194, 99
17, 0.097147, 99
18, 0.089466, 99
19, 0.075167, 99
20, 0.039401, 99
21, 0.157903, 99
22, 0.110161, 99
23, 0.134003, 99
24, 0.134410, 99
25, 0.173013, 99
26, 0.132782, 99
27, 0.094314, 99
28, 0.144791, 99
29, 0.080169, 99
30, 0.179079, 99
31, 0.155844, 99
32, 0.144399, 99
33, 0.097805, 99
34, 0.138457, 99
35, 0.088541, 99
36, 0.118540, 99
37, 0.163355, 99
38, 0.081056, 99
39, 0.048116, 99
40, 0.097226, 99
41, 0.148494, 99
42, 0.163126, 99
43, 0.131078, 99
44, 0.108164, 99
45, 0.107940, 99
46, 0.113533, 99
47, 0.047479, 99
48, 0.131712, 99
49, 0.076237, 99
50, 0.035205, 99
51, 0.019526, 99
52, 0.053123, 99
53, 0.038058, 99
54, 0.151355, 99
55, 0.126358, 99
56, 0.166979, 99
57, 0.138246, 99
58, 0.136379, 99
59, 0.068024, 99
60, 0.184747, 99
61, 0.073004, 99
62, 0.073566, 99
63, 0.127088, 99
64, 0.102571, 99
65, 0.135293, 99
66, 0.081645, 99
67, 0.203592, 99
68, 0.091260, 99
69, 0.078865, 99
70, 0.068268, 99
71, 0.077700, 99
72, 0.115116, 99
73, 0.059713, 99
74, 0.097052, 99
75, 0.183172, 99
76, 0.186863, 99
77, 0.139936, 99
78, 0.124225, 99
79, 0.159856, 99
80, 0.175240, 99
81, 0.128776, 99
82, 0.094110, 99
83, 0.134027, 99
84, 0.060170, 99
85, 0.063452, 99
86, 0.065307, 99
87, 0.093756, 99
88, 0.039480, 99
89, 0.052415, 99
90, 0.181145, 99
91, 0.146817, 99
92, 0.181013, 99
93, 0.174975, 99
94, 0.148092, 99
95, 0.106423, 99
96, 0.108954, 99
97, 0.100507, 99
98, 0.076100, 99
99, 0.134389, 99
100, 0.158817, 99
101, 0.147873, 99
102, 0.165139, 99
103, 0.111396, 99
104, 0.189764, 99
105, 0.496571, 99
106, 0.417253, 99
107, 0.446347, 99
108, 0.463833, 99
109, 0.391789, 99
110, 0.418354, 99
111, 0.358280, 99
112, 0.365891, 99
113, 0.085504, 99
114, 0.073357, 99
115, 0.128269, 99
116, 0.135386, 99
117, 0.141251, 99
118, 0.071013, 99
119, 0.092162, 99
120, 0.140342, 99
1, 0.066129, 99
2, 0.087794, 99
3, 0.097791, 99
4, 0.058973, 99
5, 0.053189, 99
6, 0.061478, 99
7, 0.068790, 99
8, 0.123210, 99
9, 0.101081, 99
10, -0.025032, 99
11, 0.099246, 99
12, 0.077044, 99
13, 0.121496, 99
14, 0.078501, 99
15, 0.078845, 99
16, 0.080934, 99
17, 0.104338, 99
18, 0.056768, 99
19, -0.038520, 99
20, 0.017130, 99
21, 0.121545, 99
22, 0.102926, 99
23, 0.111058, 99
24, 0.116283, 99
25, 0.134059, 99
26, 0.132386, 99
27, 0.070188, 99
28, 0.106861, 99
29, 0.110371, 99
30, 0.145336, 99
31, 0.119562, 99
32, 0.112431, 99
33, 0.074373, 99
34, 0.121356, 99
35, 0.091911, 99
36, 0.089536, 99
37, 0.105800, 99
38, 0.018291, 99
39, 0.054979, 99
40, 0.060785, 99
41, 0.113668, 99
42, 0.103920, 99
43, 0.117007, 99
44, 0.071840, 99
45, 0.085011, 99
46, 0.100147, 99
47, 0.036128, 99
48, 0.103824, 99
49, 0.054617, 99
50, 0.058686, 99
51, 0.022878, 99
52, 0.028896, 99
53, 0.054148, 99
54, 0.103887, 99
55, 0.117153, 99
56, 0.109464, 99
57, 0.098130, 99
58, 0.099416, 99
59, 0.079443, 99
60, 0.129169, 99
61, 0.075860, 99
62, 0.078701, 99
63, 0.102144, 99
64, 0.090549, 99
65, -0.022253, 99
66, 0.073347, 99
67, 0.125040, 99
68, 0.084652, 99
69, 0.069154, 99
70, 0.064878, 99
71, 0.073347, 99
72, 0.063082, 99
73, 0.041447, 99
74, 0.094116, 99
75, 0.155831, 99
76, 0.129179, 99
77, 0.131831, 99
78, 0.127187, 99
79, 0.124437, 99
80, -0.029557, 99
81, 0.060566, 99
82, 0.063806, 99
83, 0.135920, 99
84, 0.051187, 99
85, 0.066136, 99
86, 0.060191, 99
87, 0.068456, 99
88, 0.044828, 99
89, -0.019754, 99
90, 0.126718, 99
91, 0.142251, 99
92, -0.061447, 99
93, -0.045786, 99
94, -0.024748, 99
95, 0.084220, 99
96, 0.083075, 99
97, 0.112491, 99
98, 0.062224, 99
99, 0.115391, 99
100, 0.128320, 99
101, 0.161401, 99
102, 0.130393, 99
103, 0.106251, 99
104, 0.122869, 99
105, 0.126405, 99
106, -0.037159, 99
107, 0.099270, 99
108, 0.109153, 99
109, 0.118041, 99
110, 0.131022, 99
111, 0.116435, 99
112, 0.148017, 99
113, 0.387152, 99
114, 0.581730, 99
115, 0.497254, 99
116, 0.483623, 99
117, 0.443516, 99
118, 0.380385, 99
119, 0.381206, 99
120, 0.399705, 99
