1, 0.153327, 99
2, 0.144055, 99
3, 0.086090, 99
4, 0.109482, 99
5, 0.142719, 99
6, 0.124922, 99
7, 0.195797, 99
8, 0.244695, 99
9, 0.060592, 99
10, 0.026233, 99
11, 0.013160, 99
12, 0.027587, 99
13, 0.047477, 99
14, 0.023326, 99
15, 0.022060, 99
16, 0.026364, 99
17, 0.011633, 99
18, 0.036104, 99
19, 0.022233, 99
20, 0.005844, 99
21, 0.024029, 99
22, 0.025911, 99
23, 0.030375, 99
24, 0.021631, 99
25, 0.019823, 99
26, 0.021110, 99
27, 0.028621, 99
28, 0.033981, 99
29, 0.021072, 99
30, 0.035031, 99
31, 0.043314, 99
32, 0.038020, 99
33, 0.020609, 99
34, 0.033296, 99
35, 0.020630, 99
36, 0.014416, 99
37, 0.038891, 99
38, 0.013341, 99
39, 0.016909, 99
40, 0.020957, 99
41, 0.026561, 99
42, 0.032045, 99
43, 0.028573, 99
44, 0.025097, 99
45, 0.022863, 99
46, 0.030721, 99
47, 0.002864, 99
48, 0.024648, 99
49, 0.013010, 99
50, 0.010625, 99
51, 0.004291, 99
52, 0.009035, 99
53, 0.000457, 99
54, 0.024161, 99
55, 0.021003, 99
56, 0.025267, 99
57, 0.028720, 99
58, 0.020890, 99
59, 0.011454, 99
60, 0.027161, 99
61, 0.025307, 99
62, 0.021301, 99
63, 0.031339, 99
64, 0.013641, 99
65, 0.021199, 99
66, 0.010011, 99
67, 0.038567, 99
68, 0.022960, 99
69, 0.020836, 99
70, 0.028893, 99
71, 0.014925, 99
72, 0.010159, 99
73, 0.018009, 99
74, 0.023334, 99
75, 0.028273, 99
76, 0.028393, 99
77, 0.037578, 99
78, 0.013653, 99
79, 0.042289, 99
80, 0.038212, 99
81, 0.020298, 99
82, 0.038093, 99
83, 0.034659, 99
84, 0.025787, 99
85, 0.021248, 99
86, 0.022496, 99
87, 0.027480, 99
88, 0.017754, 99
89, 0.023508, 99
90, 0.030351, 99
91, 0.029232, 99
92, 0.025249, 99
93, 0.029948, 99
94, 0.023227, 99
95, 0.025468, 99
96, 0.022593, 99
97, 0.030549, 99
98, 0.006939, 99
99, 0.028902, 99
100, 0.029292, 99
101, 0.022282, 99
102, 0.042130, 99
103, 0.035604, 99
104, 0.038165, 99
105, 0.041361, 99
106, 0.029462, 99
107, 0.031404, 99
108, 0.028964, 99
109, 0.007472, 99
110, 0.056556, 99
111, 0.028685, 99
112, 0.027793, 99
113, 0.018805, 99
114, 0.020388, 99
115, 0.023373, 99
116, 0.033958, 99
117, 0.039455, 99
118, 0.031667, 99
119, 0.026394, 99
120, 0.024112, 99
1, 0.017880, 99
2, 0.031965, 99
3, 0.022215, 99
4, 0.015086, 99
5, 0.033359, 99
6, 0.026540, 99
7, 0.047306, 99
8, 0.076238, 99
9, 0.228764, 99
10, 0.184856, 99
11, 0.121172, 99
12, 0.148337, 99
13, 0.189689, 99
14, 0.172991, 99
15, 0.213340, 99
16, 0.177612, 99
17, 0.028263, 99
18, 0.041102, 99
19, 0.037275, 99
20, 0.011854, 99
21, 0.045994, 99
22, 0.026884, 99
23, 0.044122, 99
24, 0.024500, 99
25, 0.042766, 99
26, 0.028859, 99
27, 0.037697, 99
28, 0.029032, 99
29, 0.010990, 99
30, 0.044851, 99
31, 0.045542, 99
32, 0.045878, 99
33, 0.028121, 99
34, 0.048628, 99
35, 0.038539, 99
36, 0.019793, 99
37, 0.043736, 99
38, 0.034422, 99
39, 0.009344, 99
40, 0.011173, 99
41, 0.043916, 99
42, 0.036951, 99
43, 0.050221, 99
44, 0.032084, 99
45, 0.031296, 99
46, 0.030361, 99
47, -0.000867, 99
48, 0.031539, 99
49, 0.020811, 99
50, 0.013243, 99
51, -0.002048, 99
52, 0.012886, 99
53, 0.014779, 99
54, 0.029344, 99
55, 0.028526, 99
56, 0.035421, 99
57, 0.043804, 99
58, 0.042345, 99
59, 0.013578, 99
60, 0.053590, 99
61, 0.021547, 99
62, 0.022106, 99
63, 0.028054, 99
64, 0.029357, 99
65, 0.024766, 99
66, 0.027429, 99
67, 0.050853, 99
68, 0.023390, 99
69, 0.028044, 99
70, 0.018830, 99
71, 0.009833, 99
72, 0.020895, 99
73, 0.011698, 99
74, 0.030281, 99
75, 0.025848, 99
76, 0.045220, 99
77, 0.040972, 99
78, 0.028738, 99
79, 0.060417, 99
80, 0.037829, 99
81, 0.047078, 99
82, 0.040170, 99
83, 0.040336, 99
84, 0.023336, 99
85, 0.034755, 99
86, 0.020764, 99
87, 0.039061, 99
88, 0.024000, 99
89, 0.022767, 99
90, 0.035381, 99
91, 0.027928, 99
92, 0.055480, 99
93, 0.044339, 99
94, 0.034722, 99
95, 0.035237, 99
96, 0.035906, 99
97, 0.051297, 99
98, 0.012170, 99
99, 0.047825, 99
100, 0.044064, 99
101, 0.034171, 99
102, 0.052732, 99
103, 0.024942, 99
104, 0.052856, 99
105, 0.042824, 99
106, 0.025563, 99
107, 0.037837, 99
108, 0.033276, 99
109, 0.027345, 99
110, 0.058958, 99
111, 0.036808, 99
112, 0.035236, 99
113, 0.019413, 99
114, 0.029534, 99
115, 0.027318, 99
116, 0.028455, 99
117, 0.035493, 99
118, 0.038732, 99
119, 0.028602, 99
120, 0.041486, 99
1, 0.016593, 99
2, 0.024809, 99
3, 0.025725, 99
4, 0.017927, 99
5, 0.018048, 99
6, 0.006148, 99
7, 0.043724, 99
8, 0.028561, 99
9, 0.040108, 99
10, 0.026300, 99
11, 0.039366, 99
12, 0.031903, 99
13, 0.051238, 99
14, 0.048731, 99
15, 0.029492, 99
16, 0.019120, 99
17, 0.154082, 99
18, 0.215696, 99
19, 0.129844, 99
20, 0.046528, 99
21, 0.284002, 99
22, 0.156811, 99
23, 0.171529, 99
24, 0.156865, 99
25, 0.036895, 99
26, 0.037549, 99
27, 0.039780, 99
28, 0.042442, 99
29, 0.027158, 99
30, 0.045650, 99
31, 0.056706, 99
32, 0.064680, 99
33, 0.034811, 99
34, 0.054552, 99
35, 0.037049, 99
36, 0.024811, 99
37, 0.042963, 99
38, 0.026982, 99
39, 0.008190, 99
40, 0.029378, 99
41, 0.048041, 99
42, 0.061334, 99
43, 0.041289, 99
44, 0.040271, 99
45, 0.038439, 99
46, 0.034903, 99
47, 0.001568, 99
48, 0.041578, 99
49, 0.019780, 99
50, -0.023928, 99
51, -0.004742, 99
52, 0.016002, 99
53, 0.020446, 99
54, 0.037127, 99
55, 0.034139, 99
56, 0.040752, 99
57, 0.040533, 99
58, 0.047342, 99
59, 0.028838, 99
60, 0.069577, 99
61, 0.033564, 99
62, 0.028188, 99
63, 0.022978, 99
64, 0.022335, 99
65, 0.032866, 99
66, 0.019034, 99
67, 0.045840, 99
68, 0.043151, 99
69, 0.033245, 99
70, 0.024376, 99
71, 0.031972, 99
72, 0.022888, 99
73, 0.023788, 99
74, 0.031410, 99
75, 0.049872, 99
76, 0.041491, 99
77, 0.034339, 99
78, 0.018414, 99
79, 0.053137, 99
80, 0.044305, 99
81, 0.030698, 99
82, 0.033767, 99
83, 0.040568, 99
84, 0.017485, 99
85, 0.039395, 99
86, 0.022472, 99
87, 0.026311, 99
88, 0.017068, 99
89, 0.015988, 99
90, 0.040191, 99
91, 0.057644, 99
92, 0.055254, 99
93, 0.040617, 99
94, 0.032173, 99
95, 0.051333, 99
96, 0.035129, 99
97, 0.022418, 99
98, 0.025580, 99
99, 0.037439, 99
100, 0.062319, 99
101, 0.080926, 99
102, 0.039803, 99
103, 0.035027, 99
104, 0.054031, 99
105, 0.053377, 99
106, 0.042078, 99
107, 0.045947, 99
108, 0.047038, 99
109, 0.042650, 99
110, 0.041738, 99
111, 0.040580, 99
112, 0.040837, 99
113, 0.026139, 99
114, 0.002537, 99
115, 0.029594, 99
116, 0.031451, 99
117, 0.061442, 99
118, 0.024619, 99
119, 0.022336, 99
120, 0.038549, 99
1, 0.031717, 99
2, 0.039402, 99
3, 0.050069, 99
4, 0.011748, 99
5, 0.013328, 99
6, 0.017739, 99
7, 0.045928, 99
8, 0.054334, 99
9, 0.048597, 99
10, 0.047379, 99
11, 0.047775, 99
12, 0.036093, 99
13, 0.067980, 99
14, 0.017771, 99
15, 0.043575, 99
16, 0.030532, 99
17, 0.065309, 99
18, 0.055468, 99
19, 0.029587, 99
20, 0.016527, 99
21, 0.058591, 99
22, 0.043118, 99
23, 0.060558, 99
24, 0.068047, 99
25, 0.255984, 99
26, 0.156024, 99
27, 0.176270, 99
28, 0.153892, 99
29, 0.097476, 99
30, 0.308779, 99
31, 0.269002, 99
32, 0.284791, 99
33, 0.060059, 99
34, 0.068013, 99
35, 0.045815, 99
36, 0.039894, 99
37, 0.062138, 99
38, 0.025807, 99
39, 0.003661, 99
40, 0.032232, 99
41, 0.069718, 99
42, 0.066897, 99
43, 0.052628, 99
44, 0.058236, 99
45, 0.045297, 99
46, 0.051359, 99
47, 0.017315, 99
48, 0.056352, 99
49, 0.025182, 99
50, 0.012437, 99
51, 0.003328, 99
52, 0.016188, 99
53, 0.002600, 99
54, 0.060001, 99
55, 0.058463, 99
56, 0.081941, 99
57, 0.060137, 99
58, 0.042367, 99
59, 0.024072, 99
60, 0.083065, 99
61, 0.033931, 99
62, 0.040321, 99
63, 0.050542, 99
64, 0.026432, 99
65, 0.054417, 99
66, 0.025232, 99
67, 0.080280, 99
68, 0.051077, 99
69, 0.037216, 99
70, 0.027092, 99
71, 0.035518, 99
72, 0.046072, 99
73, 0.025714, 99
74, 0.044746, 99
75, 0.071046, 99
76, 0.057803, 99
77, 0.041577, 99
78, 0.061134, 99
79, 0.075254, 99
80, 0.056684, 99
81, 0.050694, 99
82, 0.039950, 99
83, 0.051947, 99
84, 0.023072, 99
85, 0.027268, 99
86, 0.034702, 99
87, 0.049462, 99
88, 0.017029, 99
89, 0.033226, 99
90, 0.067261, 99
91, 0.069311, 99
92, 0.067017, 99
93, 0.065335, 99
94, 0.050156, 99
95, 0.063981, 99
96, 0.037356, 99
97, 0.051246, 99
98, 0.048734, 99
99, 0.051016, 99
100, 0.079656, 99
101, 0.078510, 99
102, 0.081789, 99
103, 0.055804, 99
104, 0.075585, 99
105, 0.085152, 99
106, 0.063845, 99
107, 0.045436, 99
108, 0.066828, 99
109, 0.053360, 99
110, 0.069960, 99
111, 0.070020, 99
112, 0.070485, 99
113, 0.047056, 99
114, 0.045999, 99
115, 0.047632, 99
116, 0.071330, 99
117, 0.081205, 99
118, 0.027166, 99
119, 0.030414, 99
120, 0.048012, 99
1, 0.016302, 99
2, 0.022105, 99
3, 0.033609, 99
4, 0.006520, 99
5, 0.018428, 99
6, 0.004605, 99
7, 0.043456, 99
8, 0.031579, 99
9, 0.034115, 99
10, 0.032988, 99
11, 0.024387, 99
12, 0.034848, 99
13, 0.045004, 99
14, 0.019690, 99
15, 0.037113, 99
16, 0.036169, 99
17, 0.033918, 99
18, 0.033047, 99
19, 0.033353, 99
20, 0.003988, 99
21, 0.045963, 99
22, 0.039089, 99
23, 0.045317, 99
24, 0.028638, 99
25, 0.051883, 99
26, 0.026814, 99
27, 0.042888, 99
28, 0.040433, 99
29, 0.033658, 99
30, 0.053472, 99
31, 0.028519, 99
32, 0.053866, 99
33, 0.238564, 99
34, 0.210532, 99
35, 0.139388, 99
36, 0.136713, 99
37, 0.237156, 99
38, 0.146601, 99
39, 0.090750, 99
40, 0.102336, 99
41, 0.045402, 99
42, 0.041610, 99
43, 0.048175, 99
44, 0.027354, 99
45, 0.039740, 99
46, 0.025465, 99
47, 0.001057, 99
48, 0.035850, 99
49, 0.023314, 99
50, 0.007670, 99
51, 0.000212, 99
52, 0.011903, 99
53, 0.010391, 99
54, 0.036187, 99
55, 0.029874, 99
56, 0.047080, 99
57, 0.035162, 99
58, 0.027447, 99
59, 0.018046, 99
60, 0.054809, 99
61, 0.022976, 99
62, 0.032987, 99
63, 0.038537, 99
64, 0.029728, 99
65, 0.045779, 99
66, 0.017587, 99
67, 0.054325, 99
68, 0.037630, 99
69, 0.022167, 99
70, 0.021891, 99
71, 0.023423, 99
72, 0.020534, 99
73, 0.017067, 99
74, 0.030282, 99
75, 0.052186, 99
76, 0.053803, 99
77, 0.042373, 99
78, 0.026739, 99
79, 0.043405, 99
80, 0.047600, 99
81, 0.030698, 99
82, 0.021667, 99
83, 0.032815, 99
84, 0.016542, 99
85, 0.026029, 99
86, 0.005340, 99
87, 0.033335, 99
88, 0.003737, 99
89, 0.024806, 99
90, 0.037258, 99
91, 0.039640, 99
92, 0.062959, 99
93, 0.041904, 99
94, 0.028700, 99
95, 0.037882, 99
96, 0.019785, 99
97, 0.029259, 99
98, 0.028011, 99
99, 0.034734, 99
100, 0.044916, 99
101, 0.039751, 99
102, 0.046198, 99
103, 0.018593, 99
104, 0.052811, 99
105, 0.046938, 99
106, 0.038311, 99
107, 0.032914, 99
108, 0.053030, 99
109, 0.037646, 99
110, 0.033204, 99
111, 0.045831, 99
112, 0.034353, 99
113, 0.029891, 99
114, 0.029363, 99
115, 0.030334, 99
116, 0.036354, 99
117, 0.043017, 99
118, 0.028575, 99
119, 0.043322, 99
120, 0.034398, 99
1, 0.033069, 99
2, 0.032664, 99
3, 0.031341, 99
4, 0.019422, 99
5, 0.008209, 99
6, 0.017467, 99
7, 0.047361, 99
8, 0.043394, 99
9, 0.047998, 99
10, 0.043252, 99
11, 0.042086, 99
12, 0.032830, 99
13, 0.060730, 99
14, 0.026086, 99
15, 0.037061, 99
16, 0.026797, 99
17, 0.025875, 99
18, 0.041099, 99
19, 0.032294, 99
20, 0.020031, 99
21, 0.059483, 99
22, 0.043358, 99
23, 0.085132, 99
24, 0.057816, 99
25, 0.045887, 99
26, 0.034690, 99
27, 0.050188, 99
28, 0.051790, 99
29, 0.017425, 99
30, 0.081647, 99
31, 0.072436, 99
32, 0.065960, 99
33, 0.042549, 99
34, 0.061583, 99
35, 0.039691, 99
36, 0.037506, 99
37, 0.051601, 99
38, 0.021377, 99
39, 0.021523, 99
40, 0.038317, 99
41, 0.338799, 99
42, 0.303381, 99
43, 0.175026, 99
44, 0.168263, 99
45, 0.178175, 99
46, 0.203386, 99
47, 0.023123, 99
48, 0.180758, 99
49, 0.017661, 99
50, 0.006038, 99
51, 0.001990, 99
52, 0.024096, 99
53, 0.033615, 99
54, 0.048734, 99
55, 0.048745, 99
56, 0.053449, 99
57, 0.044820, 99
58, 0.028972, 99
59, 0.017671, 99
60, 0.068807, 99
61, 0.031173, 99
62, 0.030659, 99
63, 0.026661, 99
64, 0.034455, 99
65, 0.045980, 99
66, 0.016839, 99
67, 0.061144, 99
68, 0.040044, 99
69, 0.036938, 99
70, 0.025910, 99
71, 0.031994, 99
72, 0.048508, 99
73, 0.009987, 99
74, 0.038799, 99
75, 0.060809, 99
76, 0.077977, 99
77, 0.046545, 99
78, 0.038481, 99
79, 0.058563, 99
80, 0.056317, 99
81, 0.041482, 99
82, 0.041198, 99
83, 0.038128, 99
84, 0.018821, 99
85, 0.037308, 99
86, 0.026793, 99
87, 0.040997, 99
88, 0.015902, 99
89, 0.031196, 99
90, 0.083312, 99
91, 0.060360, 99
92, 0.055981, 99
93, 0.051759, 99
94, 0.052284, 99
95, 0.057479, 99
96, 0.053143, 99
97, 0.041866, 99
98, 0.052744, 99
99, 0.060842, 99
100, 0.044393, 99
101, 0.046952, 99
102, 0.076670, 99
103, 0.056694, 99
104, 0.072998, 99
105, 0.069883, 99
106, 0.050834, 99
107, 0.036654, 99
108, 0.062573, 99
109, 0.037676, 99
110, 0.057828, 99
111, 0.068958, 99
112, 0.069470, 99
113, 0.038965, 99
114, 0.035206, 99
115, 0.051044, 99
116, 0.060466, 99
117, 0.052502, 99
118, 0.016600, 99
119, 0.019337, 99
120, 0.049350, 99
1, 0.025631, 99
2, 0.028590, 99
3, 0.035010, 99
4, 0.000591, 99
5, 0.004740, 99
6, 0.015835, 99
7, 0.013861, 99
8, 0.046148, 99
9, 0.029367, 99
10, 0.038288, 99
11, 0.021269, 99
12, 0.026140, 99
13, 0.045835, 99
14, 0.021299, 99
15, 0.022809, 99
16, 0.007633, 99
17, 0.027164, 99
18, 0.030615, 99
19, 0.013506, 99
20, 0.020088, 99
21, 0.045342, 99
22, 0.023174, 99
23, 0.025431, 99
24, 0.031579, 99
25, 0.074429, 99
26, 0.037703, 99
27, 0.031968, 99
28, 0.042352, 99
29, 0.029979, 99
30, 0.045679, 99
31, 0.052026, 99
32, 0.062694, 99
33, 0.040180, 99
34, 0.039336, 99
35, 0.018781, 99
36, 0.029264, 99
37, 0.042334, 99
38, 0.025645, 99
39, 0.016425, 99
40, 0.044723, 99
41, 0.052597, 99
42, 0.045542, 99
43, 0.026080, 99
44, 0.029273, 99
45, 0.020885, 99
46, 0.047276, 99
47, -0.001492, 99
48, 0.043519, 99
49, 0.080512, 99
50, 0.040052, 99
51, 0.039738, 99
52, 0.072870, 99
53, 0.030923, 99
54, 0.409487, 99
55, 0.395908, 99
56, 0.192508, 99
57, 0.034235, 99
58, 0.059868, 99
59, 0.039456, 99
60, 0.053203, 99
61, 0.014587, 99
62, 0.021286, 99
63, 0.025566, 99
64, 0.029478, 99
65, 0.039376, 99
66, 0.024141, 99
67, 0.061123, 99
68, 0.040386, 99
69, 0.000074, 99
70, 0.006507, 99
71, 0.027395, 99
72, 0.042859, 99
73, 0.007739, 99
74, 0.030902, 99
75, 0.037891, 99
76, 0.049779, 99
77, 0.041828, 99
78, 0.036111, 99
79, 0.032105, 99
80, 0.050107, 99
81, 0.029860, 99
82, 0.032957, 99
83, 0.029441, 99
84, -0.002534, 99
85, 0.035822, 99
86, 0.016520, 99
87, 0.023932, 99
88, 0.015104, 99
89, 0.025477, 99
90, 0.069948, 99
91, 0.044004, 99
92, 0.053402, 99
93, 0.040029, 99
94, 0.032049, 99
95, 0.077858, 99
96, 0.023832, 99
97, 0.037990, 99
98, 0.002003, 99
99, 0.027766, 99
100, 0.017056, 99
101, 0.065811, 99
102, 0.062301, 99
103, 0.041191, 99
104, 0.043985, 99
105, 0.047903, 99
106, 0.059447, 99
107, 0.034100, 99
108, 0.058455, 99
109, 0.054495, 99
110, 0.048951, 99
111, 0.063996, 99
112, 0.054401, 99
113, 0.038687, 99
114, 0.036027, 99
115, 0.052364, 99
116, 0.056524, 99
117, 0.030570, 99
118, 0.016451, 99
119, 0.022273, 99
120, 0.039662, 99
1, 0.023816, 99
2, 0.031082, 99
3, 0.031454, 99
4, 0.008186, 99
5, 0.015605, 99
6, 0.014454, 99
7, 0.029466, 99
8, 0.027160, 99
9, 0.041097, 99
10, 0.042352, 99
11, 0.023289, 99
12, 0.032909, 99
13, 0.052945, 99
14, 0.034136, 99
15, 0.025728, 99
16, 0.026303, 99
17, 0.034421, 99
18, 0.030440, 99
19, 0.017185, 99
20, 0.018058, 99
21, 0.072554, 99
22, 0.028127, 99
23, 0.040693, 99
24, 0.032121, 99
25, 0.058773, 99
26, 0.035747, 99
27, 0.043307, 99
28, 0.037290, 99
29, 0.016911, 99
30, 0.058039, 99
31, 0.043904, 99
32, 0.046120, 99
33, 0.036263, 99
34, 0.051644, 99
35, 0.029643, 99
36, 0.041995, 99
37, 0.047176, 99
38, 0.028274, 99
39, 0.011691, 99
40, 0.034799, 99
41, 0.042137, 99
42, 0.037721, 99
43, 0.038479, 99
44, 0.036720, 99
45, 0.021706, 99
46, 0.031856, 99
47, -0.006996, 99
48, 0.037073, 99
49, 0.022771, 99
50, -0.003214, 99
51, -0.002044, 99
52, 0.013248, 99
53, 0.002238, 99
54, 0.038652, 99
55, 0.046206, 99
56, 0.043674, 99
57, 0.182371, 99
58, 0.200558, 99
59, 0.096639, 99
60, 0.244695, 99
61, 0.172209, 99
62, 0.183128, 99
63, 0.103834, 99
64, 0.123234, 99
65, 0.035065, 99
66, 0.028830, 99
67, 0.059316, 99
68, 0.025480, 99
69, 0.018666, 99
70, 0.020774, 99
71, 0.024408, 99
72, 0.030529, 99
73, 0.018954, 99
74, 0.031973, 99
75, 0.042618, 99
76, 0.049249, 99
77, 0.033866, 99
78, 0.050829, 99
79, 0.057081, 99
80, 0.042085, 99
81, 0.045389, 99
82, 0.025319, 99
83, 0.040836, 99
84, 0.023482, 99
85, 0.025310, 99
86, 0.017112, 99
87, 0.015373, 99
88, 0.002644, 99
89, 0.020354, 99
90, 0.048214, 99
91, 0.037758, 99
92, 0.037517, 99
93, 0.052814, 99
94, 0.042172, 99
95, 0.030987, 99
96, 0.021113, 99
97, 0.029487, 99
98, 0.009736, 99
99, 0.049634, 99
100, 0.054407, 99
101, 0.048382, 99
102, 0.043952, 99
103, 0.027308, 99
104, 0.046275, 99
105, 0.054171, 99
106, 0.047009, 99
107, 0.040436, 99
108, 0.049023, 99
109, 0.051525, 99
110, 0.051210, 99
111, 0.044643, 99
112, 0.029624, 99
113, 0.021751, 99
114, 0.020425, 99
115, 0.032345, 99
116, 0.038006, 99
117, 0.048544, 99
118, 0.024725, 99
119, 0.030124, 99
120, 0.046544, 99
1, 0.014357, 99
2, 0.021249, 99
3, 0.027638, 99
4, 0.015730, 99
5, 0.015519, 99
6, 0.016556, 99
7, 0.026338, 99
8, 0.034534, 99
9, 0.030912, 99
10, 0.031610, 99
11, 0.029314, 99
12, 0.010485, 99
13, 0.049926, 99
14, 0.024386, 99
15, 0.026296, 99
16, 0.013397, 99
17, 0.037044, 99
18, 0.030764, 99
19, 0.028624, 99
20, 0.004761, 99
21, 0.044774, 99
22, 0.022525, 99
23, 0.040838, 99
24, 0.036299, 99
25, 0.056679, 99
26, 0.038421, 99
27, 0.036624, 99
28, 0.042009, 99
29, 0.032679, 99
30, 0.058539, 99
31, 0.044529, 99
32, 0.031739, 99
33, 0.038134, 99
34, 0.032625, 99
35, 0.015795, 99
36, 0.036242, 99
37, 0.053507, 99
38, 0.028798, 99
39, -0.001651, 99
40, 0.031234, 99
41, 0.049639, 99
42, 0.053759, 99
43, 0.037490, 99
44, 0.036093, 99
45, 0.017514, 99
46, 0.029081, 99
47, 0.016737, 99
48, 0.032998, 99
49, 0.019152, 99
50, 0.005534, 99
51, -0.003954, 99
52, 0.009266, 99
53, 0.001346, 99
54, 0.044834, 99
55, 0.036475, 99
56, 0.057060, 99
57, 0.044208, 99
58, 0.035044, 99
59, 0.014056, 99
60, 0.054477, 99
61, 0.017949, 99
62, 0.028838, 99
63, 0.019151, 99
64, 0.030530, 99
65, 0.177266, 99
66, 0.076065, 99
67, 0.259104, 99
68, 0.110808, 99
69, 0.115282, 99
70, 0.094608, 99
71, 0.141187, 99
72, 0.209185, 99
73, 0.017784, 99
74, 0.026629, 99
75, 0.054732, 99
76, 0.046590, 99
77, 0.047085, 99
78, 0.039442, 99
79, 0.049128, 99
80, 0.044986, 99
81, 0.029540, 99
82, 0.034863, 99
83, 0.037881, 99
84, 0.005554, 99
85, 0.018398, 99
86, 0.012517, 99
87, 0.045014, 99
88, 0.010341, 99
89, 0.009952, 99
90, 0.058052, 99
91, 0.040914, 99
92, 0.044734, 99
93, 0.053507, 99
94, 0.031630, 99
95, 0.029392, 99
96, 0.024699, 99
97, 0.024673, 99
98, 0.027988, 99
99, 0.043756, 99
100, 0.043602, 99
101, 0.050655, 99
102, 0.058745, 99
103, 0.037152, 99
104, 0.053425, 99
105, 0.052534, 99
106, 0.067875, 99
107, 0.026209, 99
108, 0.057668, 99
109, 0.043352, 99
110, 0.046281, 99
111, 0.048190, 99
112, 0.042692, 99
113, 0.043172, 99
114, 0.023798, 99
115, 0.041072, 99
116, 0.042169, 99
117, 0.043569, 99
118, 0.011749, 99
119, 0.012623, 99
120, 0.022056, 99
1, 0.028180, 99
2, 0.034619, 99
3, 0.035489, 99
4, 0.023586, 99
5, 0.005488, 99
6, 0.019059, 99
7, 0.047654, 99
8, 0.040382, 99
9, 0.062815, 99
10, 0.042701, 99
11, 0.042744, 99
12, 0.008798, 99
13, 0.056383, 99
14, 0.022942, 99
15, 0.045078, 99
16, 0.022595, 99
17, 0.050242, 99
18, 0.031375, 99
19, 0.033580, 99
20, -0.009609, 99
21, 0.063018, 99
22, 0.033648, 99
23, 0.055594, 99
24, 0.053039, 99
25, 0.075167, 99
26, 0.045985, 99
27, 0.047531, 99
28, 0.039147, 99
29, 0.028484, 99
30, 0.063266, 99
31, 0.061922, 99
32, 0.072402, 99
33, 0.055540, 99
34, 0.076127, 99
35, 0.033633, 99
36, 0.042825, 99
37, 0.046992, 99
38, 0.036321, 99
39, 0.018607, 99
40, 0.026387, 99
41, 0.056370, 99
42, 0.074360, 99
43, 0.041263, 99
44, 0.037169, 99
45, 0.043850, 99
46, 0.045357, 99
47, 0.003721, 99
48, 0.036587, 99
49, 0.034081, 99
50, -0.006025, 99
51, -0.009236, 99
52, 0.024786, 99
53, 0.028164, 99
54, 0.047043, 99
55, 0.037357, 99
56, 0.050429, 99
57, 0.055858, 99
58, 0.041581, 99
59, 0.031012, 99
60, 0.078392, 99
61, 0.036029, 99
62, 0.038566, 99
63, 0.037571, 99
64, 0.042929, 99
65, 0.055058, 99
66, 0.021343, 99
67, 0.075746, 99
68, 0.029582, 99
69, 0.034999, 99
70, 0.033221, 99
71, 0.025400, 99
72, 0.037038, 99
73, 0.090888, 99
74, 0.154277, 99
75, 0.263284, 99
76, 0.266628, 99
77, 0.148065, 99
78, 0.158015, 99
79, 0.249457, 99
80, 0.201805, 99
81, 0.039344, 99
82, 0.026406, 99
83, 0.055680, 99
84, 0.005627, 99
85, 0.024177, 99
86, 0.022870, 99
87, 0.037180, 99
88, 0.014185, 99
89, 0.039098, 99
90, 0.059850, 99
91, 0.041022, 99
92, 0.038475, 99
93, 0.061555, 99
94, 0.033617, 99
95, 0.044661, 99
96, 0.035705, 99
97, 0.042251, 99
98, 0.024631, 99
99, 0.039620, 99
100, 0.066066, 99
101, 0.066333, 99
102, 0.063779, 99
103, 0.036518, 99
104, 0.060852, 99
105, 0.083577, 99
106, 0.065970, 99
107, 0.050055, 99
108, 0.065838, 99
109, 0.046250, 99
110, 0.073551, 99
111, 0.072545, 99
112, 0.055373, 99
113, 0.034787, 99
114, 0.029884, 99
115, 0.027080, 99
116, 0.064056, 99
117, 0.070094, 99
118, 0.024173, 99
119, 0.030478, 99
120, 0.046956, 99
1, 0.025829, 99
2, 0.023806, 99
3, 0.021182, 99
4, 0.010760, 99
5, 0.018693, 99
6, 0.024445, 99
7, 0.036695, 99
8, 0.028906, 99
9, 0.038052, 99
10, 0.052568, 99
11, 0.028001, 99
12, 0.035592, 99
13, 0.035133, 99
14, 0.046322, 99
15, 0.031113, 99
16, 0.024920, 99
17, 0.028550, 99
18, 0.045011, 99
19, 0.031173, 99
20, 0.021532, 99
21, 0.038636, 99
22, 0.026170, 99
23, 0.024277, 99
24, 0.030113, 99
25, 0.041931, 99
26, 0.027255, 99
27, 0.032202, 99
28, 0.021681, 99
29, 0.018703, 99
30, 0.049499, 99
31, 0.043896, 99
32, 0.049515, 99
33, 0.022410, 99
34, 0.046304, 99
35, 0.027025, 99
36, 0.027717, 99
37, 0.034699, 99
38, 0.027656, 99
39, 0.009484, 99
40, 0.010944, 99
41, 0.044129, 99
42, 0.038588, 99
43, 0.026781, 99
44, 0.024443, 99
45, 0.033250, 99
46, 0.027842, 99
47, 0.009520, 99
48, 0.031400, 99
49, 0.030345, 99
50, 0.027111, 99
51, 0.008884, 99
52, 0.029777, 99
53, 0.010246, 99
54, 0.026127, 99
55, 0.027261, 99
56, 0.027799, 99
57, 0.043615, 99
58, 0.024825, 99
59, 0.017161, 99
60, 0.032535, 99
61, 0.018488, 99
62, 0.024102, 99
63, 0.019131, 99
64, 0.014829, 99
65, 0.037606, 99
66, 0.010596, 99
67, 0.050594, 99
68, 0.021202, 99
69, 0.023588, 99
70, 0.021896, 99
71, 0.007526, 99
72, 0.023001, 99
73, 0.004555, 99
74, 0.024400, 99
75, 0.034472, 99
76, 0.036149, 99
77, 0.031215, 99
78, 0.032128, 99
79, 0.052670, 99
80, 0.036189, 99
81, 0.331348, 99
82, 0.118398, 99
83, 0.189472, 99
84, 0.074602, 99
85, 0.181109, 99
86, 0.117740, 99
87, 0.195352, 99
88, 0.078948, 99
89, 0.024951, 99
90, 0.034192, 99
91, 0.036259, 99
92, 0.047456, 99
93, 0.038349, 99
94, 0.024127, 99
95, 0.039600, 99
96, 0.025070, 99
97, 0.022178, 99
98, 0.010530, 99
99, 0.023796, 99
100, 0.026293, 99
101, 0.024489, 99
102, 0.037191, 99
103, 0.018145, 99
104, 0.032279, 99
105, 0.033333, 99
106, 0.042761, 99
107, 0.025955, 99
108, 0.045917, 99
109, 0.031025, 99
110, 0.051728, 99
111, 0.037958, 99
112, 0.028703, 99
113, 0.007360, 99
114, 0.013851, 99
115, 0.027869, 99
116, 0.028501, 99
117, 0.041211, 99
118, 0.017416, 99
119, 0.024046, 99
120, 0.023305, 99
1, 0.028020, 99
2, 0.031918, 99
3, 0.028593, 99
4, 0.009279, 99
5, 0.006475, 99
6, 0.011579, 99
7, 0.039921, 99
8, 0.055496, 99
9, 0.049617, 99
10, 0.040173, 99
11, 0.036250, 99
12, 0.037683, 99
13, 0.046216, 99
14, 0.034434, 99
15, 0.033272, 99
16, 0.034671, 99
17, 0.060330, 99
18, 0.045917, 99
19, 0.046403, 99
20, 0.014073, 99
21, 0.072083, 99
22, 0.028244, 99
23, 0.044972, 99
24, 0.035445, 99
25, 0.063133, 99
26, 0.049321, 99
27, 0.048773, 99
28, 0.049301, 99
29, 0.031856, 99
30, 0.059315, 99
31, 0.065184, 99
32, 0.067453, 99
33, 0.042811, 99
34, 0.057104, 99
35, 0.043556, 99
36, 0.045568, 99
37, 0.052871, 99
38, 0.031821, 99
39, 0.012589, 99
40, 0.029130, 99
41, 0.082457, 99
42, 0.065414, 99
43, 0.055697, 99
44, 0.042842, 99
45, 0.042892, 99
46, 0.035210, 99
47, 0.011044, 99
48, 0.048579, 99
49, 0.019794, 99
50, 0.029912, 99
51, 0.017580, 99
52, 0.016451, 99
53, 0.005673, 99
54, 0.066909, 99
55, 0.060827, 99
56, 0.055891, 99
57, 0.051062, 99
58, 0.046548, 99
59, 0.015981, 99
60, 0.068502, 99
61, 0.019366, 99
62, 0.024567, 99
63, 0.028723, 99
64, 0.048587, 99
65, 0.045528, 99
66, 0.029495, 99
67, 0.078434, 99
68, 0.042063, 99
69, 0.035739, 99
70, 0.025055, 99
71, 0.031127, 99
72, 0.024327, 99
73, 0.015641, 99
74, 0.034509, 99
75, 0.076680, 99
76, 0.051990, 99
77, 0.050101, 99
78, 0.040058, 99
79, 0.034808, 99
80, 0.044388, 99
81, 0.048166, 99
82, 0.028407, 99
83, 0.042009, 99
84, 0.026937, 99
85, 0.036238, 99
86, 0.022765, 99
87, 0.042586, 99
88, 0.008306, 99
89, 0.114634, 99
90, 0.179492, 99
91, 0.251363, 99
92, 0.271977, 99
93, 0.242651, 99
94, 0.162221, 99
95, 0.240066, 99
96, 0.141540, 99
97, 0.044589, 99
98, 0.040849, 99
99, 0.035264, 99
100, 0.053592, 99
101, 0.070509, 99
102, 0.064425, 99
103, 0.051531, 99
104, 0.064238, 99
105, 0.075875, 99
106, 0.054249, 99
107, 0.034260, 99
108, 0.073613, 99
109, 0.053111, 99
110, 0.057377, 99
111, 0.058918, 99
112, 0.048041, 99
113, 0.045159, 99
114, 0.029530, 99
115, 0.053749, 99
116, 0.056201, 99
117, 0.054199, 99
118, 0.030587, 99
119, 0.038321, 99
120, 0.072395, 99
1, 0.018579, 99
2, 0.039732, 99
3, 0.039970, 99
4, 0.009480, 99
5, 0.010915, 99
6, 0.024172, 99
7, 0.043925, 99
8, 0.071121, 99
9, 0.053056, 99
10, 0.043323, 99
11, 0.023507, 99
12, 0.023766, 99
13, 0.054002, 99
14, 0.024444, 99
15, 0.045076, 99
16, 0.043244, 99
17, 0.044843, 99
18, 0.049861, 99
19, 0.046774, 99
20, -0.001824, 99
21, 0.077323, 99
22, 0.036541, 99
23, 0.060327, 99
24, 0.049777, 99
25, 0.071231, 99
26, 0.031864, 99
27, 0.072237, 99
28, 0.060936, 99
29, 0.039023, 99
30, 0.076593, 99
31, 0.081797, 99
32, 0.090830, 99
33, 0.051725, 99
34, 0.058590, 99
35, 0.032766, 99
36, 0.035492, 99
37, 0.056518, 99
38, 0.029467, 99
39, 0.011158, 99
40, 0.037539, 99
41, 0.055171, 99
42, 0.075206, 99
43, 0.066163, 99
44, 0.048208, 99
45, 0.043787, 99
46, 0.040691, 99
47, 0.007260, 99
48, 0.053753, 99
49, 0.026586, 99
50, 0.014722, 99
51, -0.012158, 99
52, 0.022383, 99
53, -0.009840, 99
54, 0.046048, 99
55, 0.036344, 99
56, 0.084318, 99
57, 0.046940, 99
58, 0.038181, 99
59, 0.022254, 99
60, 0.093148, 99
61, 0.033558, 99
62, 0.025741, 99
63, 0.039681, 99
64, 0.030174, 99
65, 0.063321, 99
66, 0.022320, 99
67, 0.079606, 99
68, 0.044329, 99
69, 0.050790, 99
70, 0.041883, 99
71, 0.035023, 99
72, 0.038572, 99
73, 0.021752, 99
74, 0.033541, 99
75, 0.078419, 99
76, 0.076151, 99
77, 0.067386, 99
78, 0.027660, 99
79, 0.064162, 99
80, 0.064839, 99
81, 0.035782, 99
82, 0.033055, 99
83, 0.046278, 99
84, 0.021661, 99
85, 0.008684, 99
86, 0.019702, 99
87, 0.040004, 99
88, 0.004244, 99
89, 0.035202, 99
90, 0.060381, 99
91, 0.059473, 99
92, 0.068155, 99
93, 0.060803, 99
94, 0.051866, 99
95, 0.071312, 99
96, 0.014987, 99
97, 0.151441, 99
98, 0.152024, 99
99, 0.133763, 99
100, 0.321732, 99
101, 0.256141, 99
102, 0.332454, 99
103, 0.143897, 99
104, 0.197244, 99
105, 0.067019, 99
106, 0.062818, 99
107, 0.046519, 99
108, 0.044043, 99
109, 0.063618, 99
110, 0.067788, 99
111, 0.070901, 99
112, 0.060531, 99
113, 0.036312, 99
114, 0.053674, 99
115, 0.061845, 99
116, 0.044239, 99
117, 0.094922, 99
118, 0.020619, 99
119, 0.034759, 99
120, 0.053760, 99
1, 0.041497, 99
2, 0.043732, 99
3, 0.052057, 99
4, 0.026056, 99
5, 0.004980, 99
6, 0.007083, 99
7, 0.047787, 99
8, 0.057615, 99
9, 0.055012, 99
10, 0.040803, 99
11, 0.028036, 99
12, 0.023125, 99
13, 0.059812, 99
14, 0.027448, 99
15, 0.046085, 99
16, 0.021560, 99
17, 0.032995, 99
18, 0.044074, 99
19, 0.031304, 99
20, 0.014205, 99
21, 0.075239, 99
22, 0.044029, 99
23, 0.048297, 99
24, 0.059402, 99
25, 0.082835, 99
26, 0.061123, 99
27, 0.049528, 99
28, 0.050348, 99
29, 0.025144, 99
30, 0.091031, 99
31, 0.072403, 99
32, 0.052768, 99
33, 0.051132, 99
34, 0.060657, 99
35, 0.045292, 99
36, 0.046557, 99
37, 0.069110, 99
38, 0.021869, 99
39, 0.022818, 99
40, 0.040921, 99
41, 0.071798, 99
42, 0.080061, 99
43, 0.062716, 99
44, 0.051195, 99
45, 0.040098, 99
46, 0.044371, 99
47, 0.013888, 99
48, 0.061266, 99
49, 0.039753, 99
50, 0.011401, 99
51, 0.002397, 99
52, 0.015991, 99
53, 0.015942, 99
54, 0.078891, 99
55, 0.061606, 99
56, 0.078924, 99
57, 0.058111, 99
58, 0.058902, 99
59, 0.022650, 99
60, 0.082964, 99
61, 0.033108, 99
62, 0.035182, 99
63, 0.048463, 99
64, 0.044821, 99
65, 0.060951, 99
66, 0.013748, 99
67, 0.092724, 99
68, 0.048322, 99
69, 0.031655, 99
70, 0.026062, 99
71, 0.031963, 99
72, 0.059318, 99
73, 0.028767, 99
74, 0.043982, 99
75, 0.080963, 99
76, 0.084856, 99
77, 0.055826, 99
78, 0.041852, 99
79, 0.072643, 99
80, 0.085890, 99
81, 0.054327, 99
82, 0.032998, 99
83, 0.059867, 99
84, 0.030919, 99
85, 0.026971, 99
86, 0.024197, 99
87, 0.051270, 99
88, 0.013806, 99
89, 0.023751, 99
90, 0.071700, 99
91, 0.055282, 99
92, 0.080301, 99
93, 0.068788, 99
94, 0.057739, 99
95, 0.050314, 99
96, 0.046833, 99
97, 0.039791, 99
98, 0.037842, 99
99, 0.060039, 99
100, 0.077653, 99
101, 0.067645, 99
102, 0.072620, 99
103, 0.048088, 99
104, 0.085568, 99
105, 0.264359, 99
106, 0.267873, 99
107, 0.127186, 99
108, 0.225242, 99
109, 0.175234, 99
110, 0.235079, 99
111, 0.227061, 99
112, 0.234698, 99
113, 0.042576, 99
114, 0.025246, 99
115, 0.067341, 99
116, 0.063973, 99
117, 0.071331, 99
118, 0.015169, 99
119, 0.028473, 99
120, 0.051608, 99
1, 0.019603, 99
2, 0.031698, 99
3, 0.035318, 99
4, 0.008933, 99
5, 0.008896, 99
6, 0.025469, 99
7, 0.034768, 99
8, 0.053099, 99
9, 0.036160, 99
10, 0.035923, 99
11, 0.036054, 99
12, 0.029125, 99
13, 0.052587, 99
14, 0.020767, 99
15, 0.027460, 99
16, 0.027204, 99
17, 0.040132, 99
18, 0.030700, 99
19, 0.026893, 99
20, -0.009787, 99
21, 0.045643, 99
22, 0.030036, 99
23, 0.043953, 99
24, 0.031323, 99
25, 0.059499, 99
26, 0.051517, 99
27, 0.031703, 99
28, 0.039173, 99
29, 0.039421, 99
30, 0.069661, 99
31, 0.052801, 99
32, 0.058724, 99
33, 0.032275, 99
34, 0.051137, 99
35, 0.042634, 99
36, 0.033620, 99
37, 0.041409, 99
38, 0.038818, 99
39, 0.015641, 99
40, 0.016276, 99
41, 0.048232, 99
42, 0.033239, 99
43, 0.046928, 99
44, 0.035195, 99
45, 0.031304, 99
46, 0.038917, 99
47, 0.019261, 99
48, 0.051625, 99
49, 0.018576, 99
50, 0.020245, 99
51, -0.005909, 99
52, 0.001242, 99
53, 0.014633, 99
54, 0.043484, 99
55, 0.048771, 99
56, 0.050985, 99
57, 0.034927, 99
58, 0.034433, 99
59, 0.037957, 99
60, 0.057578, 99
61, 0.026778, 99
62, 0.033008, 99
63, 0.037933, 99
64, 0.028099, 99
65, 0.034241, 99
66, 0.020617, 99
67, 0.050854, 99
68, 0.040875, 99
69, 0.031239, 99
70, 0.016620, 99
71, 0.036502, 99
72, 0.021636, 99
73, 0.018893, 99
74, 0.034933, 99
75, 0.070866, 99
76, 0.052337, 99
77, 0.044487, 99
78, 0.043921, 99
79, 0.049143, 99
80, 0.025284, 99
81, 0.033377, 99
82, 0.022614, 99
83, 0.052331, 99
84, 0.015371, 99
85, 0.025104, 99
86, 0.018724, 99
87, 0.031886, 99
88, 0.010650, 99
89, 0.022086, 99
90, 0.042873, 99
91, 0.062982, 99
92, 0.052983, 99
93, 0.057021, 99
94, 0.040508, 99
95, 0.038377, 99
96, 0.025320, 99
97, 0.041566, 99
98, 0.033460, 99
99, 0.041789, 99
100, 0.051274, 99
101, 0.076176, 99
102, 0.059233, 99
103, 0.030343, 99
104, 0.050233, 99
105, 0.050604, 99
106, 0.030018, 99
107, 0.034286, 99
108, 0.047235, 99
109, 0.041757, 99
110, 0.049290, 99
111, 0.057268, 99
112, 0.066438, 99
113, 0.112815, 99
114, 0.112980, 99
115, 0.113153, 99
116, 0.227115, 99
117, 0.296538, 99
118, 0.103728, 99
119, 0.130903, 99
120, 0.247439, 99
