1, 0.830271, 99
2, 0.858841, 99
3, 0.036487, 99
4, 0.043432, 99
5, 0.031793, 99
6, 0.018435, 99
7, 0.020747, 99
8, 0.057067, 99
9, 0.041386, 99
10, 0.031260, 99
11, 0.015733, 99
12, 0.010298, 99
13, 0.047592, 99
14, 0.043977, 99
15, 0.040105, 99
16, 0.045692, 99
17, 0.020651, 99
18, 0.038017, 99
19, 0.016695, 99
20, 0.004214, 99
21, 0.033422, 99
22, 0.029539, 99
23, 0.047852, 99
24, 0.029204, 99
25, 0.019010, 99
26, 0.022405, 99
27, 0.039978, 99
28, 0.055091, 99
29, 0.036719, 99
30, 0.030773, 99
1, 0.008712, 99
2, 0.042811, 99
3, 0.975225, 11
4, 0.467966, 99
5, 0.048878, 99
6, 0.008934, 99
7, 0.022301, 99
8, 0.017853, 99
9, 0.018235, 99
10, 0.035561, 99
11, 0.032812, 99
12, 0.004865, 99
13, 0.041825, 99
14, 0.010277, 99
15, 0.007185, 99
16, 0.023343, 99
17, 0.031841, 99
18, 0.008325, 99
19, -0.002802, 99
20, 0.006102, 99
21, 0.039435, 99
22, 0.026750, 99
23, 0.035403, 99
24, 0.044008, 99
25, 0.051606, 99
26, 0.027632, 99
27, 0.030205, 99
28, 0.029015, 99
29, 0.030078, 99
30, 0.063661, 99
1, 0.024664, 99
2, 0.022445, 99
3, 0.004860, 99
4, 0.041414, 99
5, 0.742182, 99
6, 0.828402, 99
7, 0.026411, 99
8, 0.018605, 99
9, 0.031913, 99
10, 0.016444, 99
11, 0.028849, 99
12, 0.056071, 99
13, 0.033344, 99
14, 0.005406, 99
15, 0.022459, 99
16, 0.015085, 99
17, 0.009357, 99
18, 0.017713, 99
19, 0.011845, 99
20, 0.029363, 99
21, 0.008535, 99
22, 0.040077, 99
23, 0.010154, 99
24, 0.009287, 99
25, 0.013612, 99
26, 0.011596, 99
27, 0.019187, 99
28, 0.023615, 99
29, 0.008815, 99
30, 0.008097, 99
1, 0.045795, 99
2, 0.057418, 99
3, 0.007819, 99
4, 0.029555, 99
5, 0.030517, 99
6, 0.011960, 99
7, 0.889603, 99
8, 0.894414, 99
9, 0.142210, 99
10, 0.033520, 99
11, 0.028765, 99
12, 0.050356, 99
13, 0.094223, 99
14, 0.042900, 99
15, 0.049710, 99
16, 0.039236, 99
17, 0.037008, 99
18, 0.040391, 99
19, 0.047871, 99
20, -0.001185, 99
21, 0.045548, 99
22, 0.034041, 99
23, 0.045220, 99
24, 0.026615, 99
25, 0.040568, 99
26, 0.040333, 99
27, 0.042287, 99
28, 0.049220, 99
29, 0.043586, 99
30, 0.055436, 99
1, 0.035062, 99
2, 0.031017, 99
3, 0.026281, 99
4, 0.034973, 99
5, 0.054454, 99
6, 0.025941, 99
7, 0.054863, 99
8, 0.132483, 99
9, 0.941228, 16
10, 0.925050, 19
11, 0.034126, 99
12, 0.064296, 99
13, 0.059320, 99
14, 0.060595, 99
15, 0.049448, 99
16, 0.049618, 99
17, 0.032352, 99
18, 0.033518, 99
19, 0.046409, 99
20, 0.026083, 99
21, 0.055598, 99
22, 0.043742, 99
23, 0.073871, 99
24, 0.025247, 99
25, 0.062173, 99
26, 0.026151, 99
27, 0.034325, 99
28, 0.048216, 99
29, 0.024865, 99
30, 0.032506, 99
1, 0.019428, 99
2, 0.007777, 99
3, 0.026466, 99
4, 0.037893, 99
5, 0.037977, 99
6, 0.049418, 99
7, 0.027039, 99
8, 0.047448, 99
9, 0.059402, 99
10, 0.040120, 99
11, 0.821466, 99
12, 0.814674, 99
13, 0.036521, 99
14, 0.048667, 99
15, 0.040313, 99
16, 0.044370, 99
17, 0.030711, 99
18, 0.046999, 99
19, 0.057507, 99
20, 0.030955, 99
21, 0.042396, 99
22, 0.041328, 99
23, 0.036836, 99
24, 0.024195, 99
25, 0.042691, 99
26, 0.024523, 99
27, 0.046000, 99
28, 0.030077, 99
29, 0.012443, 99
30, 0.032354, 99
1, 0.020209, 99
2, 0.047708, 99
3, 0.040638, 99
4, 0.010127, 99
5, 0.045431, 99
6, 0.020442, 99
7, 0.026326, 99
8, 0.097982, 99
9, 0.069504, 99
10, 0.043165, 99
11, 0.031346, 99
12, 0.041018, 99
13, 0.873929, 99
14, 0.874900, 99
15, 0.051461, 99
16, 0.042377, 99
17, 0.044804, 99
18, 0.033397, 99
19, 0.043311, 99
20, 0.024270, 99
21, 0.078389, 99
22, 0.047418, 99
23, 0.070232, 99
24, 0.054932, 99
25, 0.069802, 99
26, 0.034708, 99
27, 0.034961, 99
28, 0.053348, 99
29, 0.030189, 99
30, 0.071435, 99
1, 0.035778, 99
2, 0.032691, 99
3, 0.010258, 99
4, 0.013153, 99
5, 0.017007, 99
6, 0.020429, 99
7, 0.049248, 99
8, 0.052441, 99
9, 0.049428, 99
10, 0.033809, 99
11, 0.032830, 99
12, 0.041141, 99
13, 0.042294, 99
14, 0.054466, 99
15, 0.917065, 99
16, 0.856330, 99
17, 0.036320, 99
18, 0.066302, 99
19, 0.054910, 99
20, 0.008071, 99
21, 0.045080, 99
22, -0.003253, 99
23, 0.026833, 99
24, 0.025446, 99
25, 0.041041, 99
26, 0.017051, 99
27, 0.033008, 99
28, 0.042242, 99
29, 0.015829, 99
30, 0.044389, 99
1, 0.041047, 99
2, 0.033929, 99
3, 0.016092, 99
4, 0.024253, 99
5, 0.004570, 99
6, 0.014721, 99
7, 0.067416, 99
8, 0.039477, 99
9, 0.036634, 99
10, 0.036291, 99
11, 0.048062, 99
12, 0.028078, 99
13, 0.043856, 99
14, 0.050775, 99
15, 0.067837, 99
16, 0.032714, 99
17, 0.719400, 99
18, 0.870919, 99
19, 0.030152, 99
20, 0.016713, 99
21, 0.057654, 99
22, 0.028142, 99
23, 0.028598, 99
24, 0.022746, 99
25, 0.045255, 99
26, 0.043388, 99
27, 0.038455, 99
28, 0.046899, 99
29, 0.023213, 99
30, 0.056629, 99
1, 0.019170, 99
2, 0.017735, 99
3, 0.001286, 99
4, 0.034895, 99
5, 0.015081, 99
6, 0.009378, 99
7, 0.056794, 99
8, 0.041549, 99
9, 0.044229, 99
10, 0.012951, 99
11, 0.031781, 99
12, 0.052556, 99
13, 0.034746, 99
14, 0.061192, 99
15, 0.056860, 99
16, 0.033052, 99
17, 0.030322, 99
18, 0.026663, 99
19, 0.921255, 99
20, -0.001069, 99
21, 0.038571, 99
22, 0.024089, 99
23, 0.022417, 99
24, 0.009691, 99
25, 0.047375, 99
26, 0.024514, 99
27, 0.022255, 99
28, 0.015489, 99
29, 0.001631, 99
30, 0.037557, 99
1, 0.024382, 99
2, 0.034563, 99
3, 0.031297, 99
4, 0.025332, 99
5, 0.022431, 99
6, 0.039346, 99
7, 0.023970, 99
8, 0.044742, 99
9, 0.050405, 99
10, 0.032934, 99
11, 0.032029, 99
12, 0.048876, 99
13, 0.059849, 99
14, 0.042406, 99
15, 0.001677, 99
16, 0.019734, 99
17, 0.009430, 99
18, 0.033936, 99
19, 0.026711, 99
20, -0.009154, 99
21, 0.732535, 99
22, 0.880154, 99
23, 0.066243, 99
24, 0.049272, 99
25, 0.027646, 99
26, 0.038735, 99
27, 0.017873, 99
28, 0.052824, 99
29, 0.030319, 99
30, 0.038220, 99
1, 0.024410, 99
2, 0.051869, 99
3, 0.031331, 99
4, 0.008938, 99
5, 0.012167, 99
6, 0.012558, 99
7, 0.041809, 99
8, 0.052034, 99
9, 0.081193, 99
10, 0.036460, 99
11, 0.034963, 99
12, 0.018466, 99
13, 0.061866, 99
14, 0.058551, 99
15, 0.029790, 99
16, 0.033449, 99
17, 0.028291, 99
18, 0.031455, 99
19, 0.027583, 99
20, -0.002164, 99
21, 0.062968, 99
22, 0.062563, 99
23, 0.889649, 99
24, 0.849135, 99
25, 0.034607, 99
26, 0.045465, 99
27, 0.051782, 99
28, 0.062726, 99
29, 0.016190, 99
30, 0.059962, 99
1, 0.013452, 99
2, 0.024988, 99
3, 0.049380, 99
4, 0.011871, 99
5, 0.009113, 99
6, 0.013480, 99
7, 0.032432, 99
8, 0.043609, 99
9, 0.067097, 99
10, 0.033970, 99
11, 0.044975, 99
12, 0.020691, 99
13, 0.066993, 99
14, 0.006618, 99
15, 0.038229, 99
16, 0.041335, 99
17, 0.066369, 99
18, 0.023127, 99
19, 0.049726, 99
20, 0.037219, 99
21, 0.059533, 99
22, 0.015834, 99
23, 0.026414, 99
24, 0.059373, 99
25, 0.902414, 99
26, 0.851078, 99
27, 0.017287, 99
28, 0.045614, 99
29, 0.044772, 99
30, 0.109952, 99
1, 0.044340, 99
2, 0.019639, 99
3, 0.023081, 99
4, 0.008496, 99
5, 0.014420, 99
6, 0.022137, 99
7, 0.056987, 99
8, 0.042497, 99
9, 0.036300, 99
10, 0.028921, 99
11, 0.046019, 99
12, 0.025874, 99
13, 0.045236, 99
14, 0.027849, 99
15, 0.044542, 99
16, 0.010689, 99
17, 0.024197, 99
18, 0.043645, 99
19, 0.023499, 99
20, 0.024622, 99
21, 0.060828, 99
22, 0.020977, 99
23, 0.047038, 99
24, 0.051761, 99
25, 0.029077, 99
26, 0.037276, 99
27, 0.934276, 99
28, 0.843232, 99
29, 0.041979, 99
30, 0.077753, 99
1, 0.027829, 99
2, 0.039403, 99
3, 0.060146, 99
4, 0.021196, 99
5, 0.004640, 99
6, 0.015766, 99
7, 0.059419, 99
8, 0.060567, 99
9, 0.042866, 99
10, 0.053962, 99
11, 0.046264, 99
12, 0.044476, 99
13, 0.078167, 99
14, 0.018065, 99
15, 0.044899, 99
16, 0.049292, 99
17, 0.045857, 99
18, 0.058558, 99
19, 0.041127, 99
20, -0.000795, 99
21, 0.076631, 99
22, 0.038943, 99
23, 0.062594, 99
24, 0.056423, 99
25, 0.113326, 99
26, 0.056586, 99
27, 0.086662, 99
28, 0.061215, 99
29, 0.062299, 99
30, 0.949164, 99
