1, 0.663106, 99
2, 0.698337, 99
3, 0.572912, 99
4, 0.610849, 99
5, 0.716359, 99
6, 0.690756, 99
7, 0.378202, 99
8, 0.089715, 99
9, 0.089100, 99
10, 0.064342, 99
11, 0.065757, 99
12, 0.086232, 99
13, 0.070161, 99
14, 0.060912, 99
15, 0.061260, 99
16, 0.054693, 99
17, 0.037083, 99
18, 0.064365, 99
19, 0.052991, 99
20, 0.041828, 99
21, 0.061635, 99
22, 0.060644, 99
23, 0.062718, 99
24, 0.054058, 99
25, 0.066049, 99
26, 0.048042, 99
27, 0.063751, 99
28, 0.066618, 99
29, 0.039861, 99
30, 0.073673, 99
31, 0.094583, 99
32, 0.056656, 99
33, 0.055770, 99
34, 0.064625, 99
35, 0.055714, 99
36, 0.028463, 99
37, 0.091726, 99
38, 0.051924, 99
39, 0.037378, 99
40, 0.046039, 99
41, 0.075011, 99
42, 0.062969, 99
43, 0.060401, 99
44, 0.041940, 99
45, 0.073017, 99
46, 0.070126, 99
47, 0.026954, 99
48, 0.063580, 99
49, 0.035304, 99
50, 0.041209, 99
51, 0.028569, 99
52, 0.047530, 99
53, 0.029187, 99
54, 0.051857, 99
55, 0.041270, 99
56, 0.055069, 99
57, 0.039593, 99
58, 0.043654, 99
59, 0.019859, 99
60, 0.059290, 99
61, 0.075725, 99
62, 0.088965, 99
63, 0.087136, 99
64, 0.059955, 99
65, 0.063103, 99
66, 0.050569, 99
67, 0.094375, 99
68, 0.043439, 99
69, 0.045119, 99
70, 0.063043, 99
71, 0.044066, 99
72, 0.048925, 99
73, 0.027161, 99
74, 0.051534, 99
75, 0.071935, 99
76, 0.064290, 99
77, 0.067630, 99
78, 0.066476, 99
79, 0.099947, 99
80, 0.087959, 99
81, 0.070764, 99
82, 0.093287, 99
83, 0.077320, 99
84, 0.058535, 99
85, 0.062553, 99
86, 0.065165, 99
87, 0.088228, 99
88, 0.042227, 99
89, 0.051382, 99
90, 0.062657, 99
91, 0.053028, 99
92, 0.064210, 99
93, 0.070366, 99
94, 0.059834, 99
95, 0.054399, 99
96, 0.059384, 99
97, 0.074117, 99
98, 0.030319, 99
99, 0.048177, 99
100, 0.065257, 99
101, 0.063552, 99
102, 0.078057, 99
103, 0.067655, 99
104, 0.073358, 99
105, 0.080409, 99
1, 0.078217, 99
2, 0.092940, 99
3, 0.073528, 99
4, 0.048254, 99
5, 0.101077, 99
6, 0.092789, 99
7, 0.089001, 99
8, 0.558619, 99
9, 0.612791, 99
10, 0.406962, 99
11, 0.719749, 99
12, 0.603679, 99
13, 0.547740, 99
14, 0.341970, 99
15, 0.099620, 99
16, 0.117252, 99
17, 0.071037, 99
18, 0.083108, 99
19, 0.083927, 99
20, 0.057568, 99
21, 0.128418, 99
22, 0.093298, 99
23, 0.130012, 99
24, 0.080092, 99
25, 0.119906, 99
26, 0.076479, 99
27, 0.085803, 99
28, 0.097447, 99
29, 0.083485, 99
30, 0.108520, 99
31, 0.136150, 99
32, 0.127283, 99
33, 0.083965, 99
34, 0.134032, 99
35, 0.090192, 99
36, 0.071418, 99
37, 0.115378, 99
38, 0.071055, 99
39, 0.044673, 99
40, 0.076072, 99
41, 0.109011, 99
42, 0.108650, 99
43, 0.105675, 99
44, 0.074220, 99
45, 0.097885, 99
46, 0.098297, 99
47, 0.033325, 99
48, 0.111917, 99
49, 0.069963, 99
50, 0.059570, 99
51, 0.044501, 99
52, 0.041287, 99
53, 0.051344, 99
54, 0.091553, 99
55, 0.092075, 99
56, 0.109771, 99
57, 0.113436, 99
58, 0.103281, 99
59, 0.065787, 99
60, 0.137410, 99
61, 0.094815, 99
62, 0.087000, 99
63, 0.102444, 99
64, 0.077279, 99
65, 0.091418, 99
66, 0.080002, 99
67, 0.134857, 99
68, 0.079717, 99
69, 0.065438, 99
70, 0.068151, 99
71, 0.070150, 99
72, 0.065659, 99
73, 0.045388, 99
74, 0.090050, 99
75, 0.111216, 99
76, 0.110572, 99
77, 0.113862, 99
78, 0.100420, 99
79, 0.137049, 99
80, 0.124997, 99
81, 0.113403, 99
82, 0.108623, 99
83, 0.099831, 99
84, 0.068081, 99
85, 0.095332, 99
86, 0.057268, 99
87, 0.096130, 99
88, 0.060075, 99
89, 0.071070, 99
90, 0.112749, 99
91, 0.111087, 99
92, 0.123711, 99
93, 0.123791, 99
94, 0.103021, 99
95, 0.096919, 99
96, 0.088586, 99
97, 0.110671, 99
98, 0.063678, 99
99, 0.114309, 99
100, 0.110573, 99
101, 0.104600, 99
102, 0.122554, 99
103, 0.097280, 99
104, 0.129950, 99
105, 0.114986, 99
1, -0.026994, 99
2, -0.001644, 99
3, 0.041328, 99
4, 0.061151, 99
5, 0.042243, 99
6, 0.038548, 99
7, -0.031237, 99
8, -0.043477, 99
9, 0.095486, 99
10, -0.037381, 99
11, 0.094960, 99
12, 0.074734, 99
13, 0.109393, 99
14, 0.133541, 99
15, 0.599087, 99
16, 0.430879, 99
17, 0.526892, 99
18, 0.456295, 99
19, 0.605817, 99
20, 0.721213, 99
21, 0.403797, 99
22, 0.061170, 99
23, 0.098926, 99
24, 0.083175, 99
25, 0.101531, 99
26, 0.105388, 99
27, 0.098800, 99
28, 0.118245, 99
29, 0.060765, 99
30, -0.016141, 99
31, -0.043662, 99
32, -0.058823, 99
33, -0.043108, 99
34, 0.116675, 99
35, -0.011759, 99
36, -0.007767, 99
37, 0.087126, 99
38, -0.029571, 99
39, 0.036766, 99
40, 0.051716, 99
41, 0.120341, 99
42, 0.135709, 99
43, 0.153556, 99
44, -0.013262, 99
45, 0.087481, 99
46, 0.054288, 99
47, 0.049752, 99
48, -0.030875, 99
49, 0.057058, 99
50, 0.037858, 99
51, 0.043302, 99
52, 0.052945, 99
53, 0.063232, 99
54, 0.101011, 99
55, -0.034023, 99
56, 0.096368, 99
57, -0.039348, 99
58, 0.097331, 99
59, 0.061670, 99
60, -0.026276, 99
61, -0.035473, 99
62, -0.032472, 99
63, 0.074226, 99
64, -0.009178, 99
65, 0.080912, 99
66, 0.064935, 99
67, -0.059594, 99
68, 0.067566, 99
69, 0.111194, 99
70, 0.072878, 99
71, -0.029498, 99
72, -0.022864, 99
73, -0.010605, 99
74, 0.077744, 99
75, 0.138626, 99
76, 0.120076, 99
77, -0.009457, 99
78, -0.031328, 99
79, 0.107473, 99
80, -0.013463, 99
81, 0.080027, 99
82, 0.069893, 99
83, 0.099680, 99
84, 0.072849, 99
85, 0.111767, 99
86, 0.060247, 99
87, -0.032454, 99
88, 0.069471, 99
89, 0.083299, 99
90, 0.095079, 99
91, 0.153060, 99
92, -0.053657, 99
93, -0.060036, 99
94, -0.015352, 99
95, 0.151236, 99
96, 0.122859, 99
97, 0.139511, 99
98, 0.098493, 99
99, 0.096156, 99
100, 0.148341, 99
101, -0.037710, 99
102, -0.041779, 99
103, 0.082436, 99
104, 0.097444, 99
105, 0.115937, 99
1, 0.062603, 99
2, 0.084477, 99
3, 0.086263, 99
4, 0.042813, 99
5, 0.042567, 99
6, 0.053032, 99
7, 0.085095, 99
8, 0.098798, 99
9, 0.116600, 99
10, 0.064817, 99
11, 0.084404, 99
12, 0.063380, 99
13, 0.125786, 99
14, 0.090824, 99
15, 0.086198, 99
16, 0.064250, 99
17, 0.090593, 99
18, -0.033246, 99
19, 0.079020, 99
20, 0.065661, 99
21, 0.146673, 99
22, 0.397007, 99
23, 0.540429, 99
24, 0.564678, 99
25, 0.440291, 99
26, 0.568664, 99
27, 0.425617, 99
28, 0.606705, 99
29, 0.101324, 99
30, 0.157358, 99
31, 0.130362, 99
32, 0.144192, 99
33, -0.023047, 99
34, 0.145836, 99
35, 0.103438, 99
36, 0.078784, 99
37, 0.107989, 99
38, 0.069979, 99
39, -0.030620, 99
40, 0.082074, 99
41, 0.154127, 99
42, 0.163428, 99
43, 0.107042, 99
44, 0.081324, 99
45, 0.113256, 99
46, 0.119169, 99
47, 0.054682, 99
48, 0.103069, 99
49, 0.068238, 99
50, 0.029235, 99
51, 0.040906, 99
52, 0.060439, 99
53, 0.049617, 99
54, 0.135367, 99
55, 0.122729, 99
56, 0.115388, 99
57, 0.109365, 99
58, 0.112669, 99
59, 0.069282, 99
60, -0.058810, 99
61, 0.072889, 99
62, 0.083029, 99
63, 0.103631, 99
64, 0.075624, 99
65, 0.110650, 99
66, 0.079710, 99
67, 0.125533, 99
68, 0.109339, 99
69, 0.111598, 99
70, 0.085942, 99
71, 0.084869, 99
72, 0.092497, 99
73, 0.063562, 99
74, 0.103840, 99
75, 0.156689, 99
76, 0.133544, 99
77, 0.124716, 99
78, 0.126220, 99
79, 0.136876, 99
80, 0.110113, 99
81, 0.082043, 99
82, 0.080227, 99
83, 0.117485, 99
84, 0.065384, 99
85, 0.060121, 99
86, 0.070644, 99
87, -0.032476, 99
88, 0.058103, 99
89, 0.082160, 99
90, 0.135477, 99
91, 0.149134, 99
92, 0.111946, 99
93, 0.123348, 99
94, 0.100961, 99
95, 0.134117, 99
96, 0.098928, 99
97, 0.091119, 99
98, 0.093101, 99
99, 0.131568, 99
100, 0.143849, 99
101, 0.145791, 99
102, 0.131469, 99
103, 0.120622, 99
104, 0.151812, 99
105, 0.159445, 99
1, 0.065865, 99
2, -0.011320, 99
3, -0.041941, 99
4, 0.033433, 99
5, 0.054230, 99
6, 0.049541, 99
7, 0.108533, 99
8, 0.133891, 99
9, 0.096544, 99
10, 0.092437, 99
11, 0.109708, 99
12, 0.098314, 99
13, 0.132546, 99
14, 0.066053, 99
15, 0.097680, 99
16, 0.074290, 99
17, 0.123536, 99
18, 0.096331, 99
19, 0.092560, 99
20, 0.032302, 99
21, 0.146604, 99
22, 0.101043, 99
23, 0.139936, 99
24, 0.136342, 99
25, 0.172090, 99
26, 0.102824, 99
27, 0.133978, 99
28, 0.132276, 99
29, 0.362996, 99
30, 0.456106, 99
31, 0.488906, 99
32, 0.498635, 99
33, 0.491865, 83
34, 0.597435, 99
35, 0.616065, 99
36, -0.026452, 99
37, 0.112890, 99
38, 0.066696, 99
39, -0.008961, 99
40, 0.095458, 99
41, 0.131374, 99
42, 0.157915, 99
43, 0.126369, 99
44, 0.126989, 99
45, 0.103962, 99
46, 0.113802, 99
47, 0.029067, 99
48, 0.143430, 99
49, 0.054215, 99
50, 0.037158, 99
51, 0.023214, 99
52, -0.022050, 99
53, 0.044014, 99
54, 0.103836, 99
55, 0.101614, 99
56, 0.145323, 99
57, 0.097763, 99
58, 0.098521, 99
59, 0.077382, 99
60, 0.174109, 99
61, 0.083337, 99
62, 0.102466, 99
63, 0.095361, 99
64, 0.078602, 99
65, 0.104143, 99
66, 0.059609, 99
67, 0.151428, 99
68, 0.127090, 99
69, 0.076791, 99
70, 0.074313, 99
71, 0.099363, 99
72, 0.072419, 99
73, 0.084759, 99
74, 0.122330, 99
75, -0.076527, 99
76, 0.155792, 99
77, 0.117042, 99
78, 0.107427, 99
79, 0.150211, 99
80, 0.114744, 99
81, 0.089239, 99
82, 0.091575, 99
83, 0.118655, 99
84, 0.071900, 99
85, 0.090409, 99
86, 0.083641, 99
87, 0.092621, 99
88, -0.024030, 99
89, 0.072239, 99
90, 0.159812, 99
91, 0.137564, 99
92, 0.149982, 99
93, 0.125586, 99
94, 0.100824, 99
95, 0.122846, 99
96, 0.093846, 99
97, 0.109130, 99
98, 0.111033, 99
99, 0.143288, 99
100, 0.152478, 99
101, 0.166231, 99
102, 0.187332, 99
103, 0.109613, 99
104, 0.147690, 99
105, 0.138443, 99
1, 0.060544, 99
2, 0.080934, 99
3, 0.095302, 99
4, 0.044452, 99
5, 0.038774, 99
6, 0.033283, 99
7, 0.092459, 99
8, 0.087058, 99
9, 0.096897, 99
10, 0.092062, 99
11, 0.064641, 99
12, 0.069267, 99
13, -0.052435, 99
14, 0.049993, 99
15, 0.062205, 99
16, 0.085113, 99
17, 0.048767, 99
18, 0.054207, 99
19, 0.062369, 99
20, 0.039970, 99
21, -0.036884, 99
22, 0.091891, 99
23, 0.134292, 99
24, 0.088426, 99
25, 0.122114, 99
26, 0.080161, 99
27, 0.058023, 99
28, 0.088519, 99
29, 0.074195, 99
30, 0.139957, 99
31, -0.013371, 99
32, 0.110124, 99
33, 0.061386, 99
34, -0.046151, 99
35, 0.063808, 99
36, 0.520741, 99
37, 0.502172, 99
38, 0.421057, 99
39, 0.607026, 99
40, 0.380024, 99
41, 0.407451, 99
42, 0.446534, 99
43, 0.089568, 99
44, 0.060863, 99
45, 0.110197, 99
46, 0.093222, 99
47, 0.029726, 99
48, 0.109880, 99
49, 0.062427, 99
50, 0.024175, 99
51, 0.015942, 99
52, 0.045889, 99
53, 0.026166, 99
54, 0.096192, 99
55, 0.104783, 99
56, 0.112384, 99
57, 0.110326, 99
58, 0.080094, 99
59, 0.048890, 99
60, 0.130608, 99
61, 0.052116, 99
62, 0.077161, 99
63, 0.096943, 99
64, 0.104017, 99
65, 0.123806, 99
66, 0.068870, 99
67, 0.128011, 99
68, 0.072169, 99
69, 0.065660, 99
70, 0.046738, 99
71, 0.037607, 99
72, 0.093485, 99
73, 0.047484, 99
74, -0.028595, 99
75, 0.123975, 99
76, 0.135262, 99
77, 0.103561, 99
78, 0.095857, 99
79, 0.108647, 99
80, 0.135008, 99
81, 0.101081, 99
82, 0.089867, 99
83, 0.086247, 99
84, 0.054539, 99
85, 0.067033, 99
86, 0.036813, 99
87, 0.089994, 99
88, 0.020765, 99
89, 0.057149, 99
90, -0.022796, 99
91, 0.119704, 99
92, 0.130658, 99
93, 0.125015, 99
94, 0.096618, 99
95, 0.087450, 99
96, 0.079706, 99
97, 0.083401, 99
98, 0.052216, 99
99, 0.107428, 99
100, 0.087411, 99
101, 0.101162, 99
102, 0.115915, 99
103, 0.088887, 99
104, 0.164797, 99
105, 0.145890, 99
1, 0.076445, 99
2, 0.060353, 99
3, 0.070436, 99
4, 0.055072, 99
5, 0.039604, 99
6, 0.033050, 99
7, 0.079069, 99
8, 0.107670, 99
9, 0.086777, 99
10, 0.079795, 99
11, 0.068452, 99
12, 0.086576, 99
13, -0.015009, 99
14, 0.078834, 99
15, 0.087228, 99
16, 0.054027, 99
17, 0.072100, 99
18, -0.012496, 99
19, 0.074737, 99
20, 0.043802, 99
21, 0.109095, 99
22, 0.083165, 99
23, 0.132681, 99
24, 0.102085, 99
25, 0.107406, 99
26, 0.102821, 99
27, 0.090001, 99
28, 0.092287, 99
29, 0.063568, 99
30, 0.127337, 99
31, -0.051469, 99
32, 0.123132, 99
33, 0.077951, 99
34, 0.116821, 99
35, 0.077747, 99
36, -0.035747, 99
37, -0.025197, 99
38, 0.030244, 99
39, 0.036134, 99
40, 0.078386, 99
41, 0.136738, 99
42, 0.116675, 99
43, 0.424849, 99
44, 0.338991, 99
45, 0.518785, 99
46, 0.430997, 99
47, 0.350954, 99
48, 0.407420, 99
49, 0.471382, 99
50, 0.038985, 99
51, 0.021260, 99
52, 0.046331, 99
53, 0.064623, 99
54, 0.093672, 99
55, 0.088672, 99
56, 0.105879, 99
57, 0.077063, 99
58, 0.091398, 99
59, 0.050040, 99
60, 0.118716, 99
61, -0.025675, 99
62, 0.070797, 99
63, 0.067616, 99
64, 0.062337, 99
65, 0.090211, 99
66, 0.063553, 99
67, 0.106170, 99
68, 0.093173, 99
69, 0.055863, 99
70, 0.057173, 99
71, 0.079292, 99
72, 0.074222, 99
73, 0.034033, 99
74, 0.054772, 99
75, 0.111212, 99
76, 0.115811, 99
77, 0.108537, 99
78, 0.089310, 99
79, 0.100492, 99
80, 0.094162, 99
81, 0.079143, 99
82, -0.013951, 99
83, 0.086659, 99
84, 0.042713, 99
85, 0.076429, 99
86, 0.043563, 99
87, 0.074240, 99
88, 0.048198, 99
89, 0.068763, 99
90, 0.116675, 99
91, 0.120276, 99
92, 0.112529, 99
93, 0.097704, 99
94, 0.083209, 99
95, 0.078277, 99
96, 0.090266, 99
97, 0.072654, 99
98, 0.097608, 99
99, 0.116516, 99
100, 0.107592, 99
101, 0.095210, 99
102, 0.115489, 99
103, 0.108852, 99
104, 0.121264, 99
105, -0.045382, 99
1, 0.071531, 99
2, 0.063090, 99
3, 0.065650, 99
4, 0.012584, 99
5, 0.016133, 99
6, 0.037425, 99
7, 0.040033, 99
8, 0.081304, 99
9, 0.077512, 99
10, 0.078455, 99
11, 0.043259, 99
12, 0.044953, 99
13, 0.081961, 99
14, 0.042290, 99
15, 0.050966, 99
16, 0.035643, 99
17, 0.083230, 99
18, 0.057341, 99
19, 0.042878, 99
20, 0.060304, 99
21, 0.108306, 99
22, 0.048459, 99
23, 0.063502, 99
24, 0.075078, 99
25, 0.141469, 99
26, 0.103294, 99
27, 0.067871, 99
28, 0.092466, 99
29, 0.079676, 99
30, 0.089234, 99
31, 0.095279, 99
32, 0.110862, 99
33, 0.077272, 99
34, 0.077264, 99
35, 0.044208, 99
36, 0.064215, 99
37, 0.074201, 99
38, 0.048230, 99
39, 0.029701, 99
40, 0.087532, 99
41, 0.105941, 99
42, 0.102612, 99
43, 0.068853, 99
44, 0.086749, 99
45, 0.051433, 99
46, 0.097985, 99
47, 0.044426, 99
48, 0.097117, 99
49, 0.040084, 99
50, 0.673000, 99
51, 0.723749, 99
52, 0.524774, 99
53, 0.698596, 99
54, 0.695406, 99
55, 0.694950, 99
56, 0.475315, 99
57, 0.082847, 99
58, 0.108803, 99
59, 0.073950, 99
60, 0.106447, 99
61, 0.029408, 99
62, 0.037013, 99
63, 0.061216, 99
64, 0.065454, 99
65, 0.081028, 99
66, 0.050660, 99
67, 0.110054, 99
68, 0.083044, 99
69, 0.029778, 99
70, 0.036181, 99
71, 0.075863, 99
72, 0.070694, 99
73, 0.040780, 99
74, 0.078063, 99
75, 0.087667, 99
76, 0.111043, 99
77, 0.088729, 99
78, 0.083522, 99
79, 0.069356, 99
80, 0.080283, 99
81, 0.076613, 99
82, 0.063502, 99
83, 0.056613, 99
84, 0.038759, 99
85, 0.093781, 99
86, 0.045985, 99
87, 0.050035, 99
88, 0.037370, 99
89, 0.055240, 99
90, 0.148041, 99
91, 0.091293, 99
92, 0.100468, 99
93, 0.080226, 99
94, 0.056410, 99
95, 0.128855, 99
96, 0.052571, 99
97, 0.094442, 99
98, 0.037673, 99
99, 0.064902, 99
100, 0.066387, 99
101, 0.128597, 99
102, 0.128533, 99
103, 0.085252, 99
104, 0.094249, 99
105, 0.096875, 99
1, 0.073964, 99
2, 0.097641, 99
3, 0.089711, 99
4, 0.038130, 99
5, 0.050786, 99
6, 0.062472, 99
7, -0.034748, 99
8, 0.055176, 99
9, -0.066249, 99
10, -0.022363, 99
11, 0.079206, 99
12, 0.092573, 99
13, -0.063233, 99
14, -0.035450, 99
15, -0.034604, 99
16, 0.076812, 99
17, -0.029618, 99
18, 0.076139, 99
19, -0.028493, 99
20, 0.043823, 99
21, 0.156746, 99
22, 0.094097, 99
23, 0.123021, 99
24, 0.116153, 99
25, -0.085340, 99
26, 0.098857, 99
27, -0.053691, 99
28, 0.114428, 99
29, 0.083641, 99
30, 0.133387, 99
31, 0.117051, 99
32, 0.131950, 99
33, -0.032894, 99
34, 0.053927, 99
35, -0.038983, 99
36, 0.088726, 99
37, -0.050228, 99
38, -0.041195, 99
39, 0.055762, 99
40, 0.082387, 99
41, 0.051794, 99
42, 0.112494, 99
43, -0.045583, 99
44, -0.035520, 99
45, -0.017563, 99
46, -0.037771, 99
47, 0.020960, 99
48, -0.056645, 99
49, 0.002573, 99
50, 0.020439, 99
51, 0.007237, 99
52, -0.017458, 99
53, 0.043760, 99
54, -0.057877, 99
55, -0.052832, 99
56, -0.047689, 99
57, 0.431279, 99
58, 0.396958, 99
59, 0.410687, 99
60, 0.467604, 99
61, 0.506104, 99
62, 0.536430, 99
63, 0.520871, 99
64, 0.088238, 99
65, -0.066964, 99
66, 0.093143, 99
67, -0.069394, 99
68, -0.040584, 99
69, -0.031528, 99
70, 0.063962, 99
71, -0.029428, 99
72, -0.046568, 99
73, 0.040107, 99
74, -0.032470, 99
75, -0.066542, 99
76, -0.058580, 99
77, -0.015608, 99
78, 0.115486, 99
79, -0.084670, 99
80, -0.068201, 99
81, 0.105363, 99
82, -0.033198, 99
83, -0.045055, 99
84, 0.058539, 99
85, -0.034763, 99
86, 0.060120, 99
87, -0.029817, 99
88, 0.048244, 99
89, -0.022757, 99
90, -0.024252, 99
91, 0.094764, 99
92, 0.114784, 99
93, -0.047492, 99
94, 0.103245, 99
95, -0.048580, 99
96, -0.002566, 99
97, 0.083044, 99
98, 0.067504, 99
99, 0.132657, 99
100, 0.131669, 99
101, -0.052471, 99
102, -0.057468, 99
103, 0.091230, 99
104, -0.056740, 99
105, -0.049091, 99
1, 0.067341, 99
2, 0.085982, 99
3, 0.069983, 99
4, 0.041347, 99
5, 0.043468, 99
6, 0.052950, 99
7, 0.073368, 99
8, 0.093282, 99
9, 0.078255, 99
10, 0.088153, 99
11, 0.078562, 99
12, 0.054077, 99
13, 0.116917, 99
14, 0.069109, 99
15, 0.081456, 99
16, 0.065189, 99
17, 0.075331, 99
18, 0.072654, 99
19, 0.062386, 99
20, 0.004435, 99
21, 0.096549, 99
22, 0.070024, 99
23, 0.097328, 99
24, 0.081441, 99
25, 0.119632, 99
26, 0.071802, 99
27, 0.098213, 99
28, 0.095487, 99
29, 0.069801, 99
30, 0.107052, 99
31, 0.104872, 99
32, 0.102749, 99
33, 0.083543, 99
34, 0.107593, 99
35, 0.076939, 99
36, 0.116424, 99
37, 0.113405, 99
38, 0.070477, 99
39, 0.037812, 99
40, 0.079359, 99
41, 0.092897, 99
42, 0.104786, 99
43, 0.086304, 99
44, 0.070779, 99
45, 0.065467, 99
46, 0.070368, 99
47, 0.069263, 99
48, 0.086255, 99
49, 0.048177, 99
50, 0.023725, 99
51, 0.022396, 99
52, 0.028953, 99
53, 0.033458, 99
54, 0.082439, 99
55, 0.079937, 99
56, 0.103405, 99
57, 0.092535, 99
58, 0.090608, 99
59, 0.050824, 99
60, 0.137340, 99
61, 0.062709, 99
62, 0.058696, 99
63, 0.103095, 99
64, 0.665155, 99
65, 0.664707, 99
66, 0.775292, 99
67, 0.534315, 99
68, 0.391892, 99
69, 0.313717, 99
70, 0.465094, 99
71, 0.056794, 99
72, 0.065007, 99
73, 0.054968, 99
74, 0.076540, 99
75, 0.131664, 99
76, 0.118589, 99
77, 0.088330, 99
78, 0.106199, 99
79, 0.112949, 99
80, 0.110349, 99
81, 0.078535, 99
82, 0.082753, 99
83, 0.106069, 99
84, 0.045254, 99
85, 0.073820, 99
86, 0.048675, 99
87, 0.101859, 99
88, 0.035134, 99
89, 0.053666, 99
90, 0.120927, 99
91, 0.087849, 99
92, 0.126368, 99
93, 0.125082, 99
94, 0.096449, 99
95, 0.078218, 99
96, 0.070462, 99
97, 0.087860, 99
98, 0.046979, 99
99, 0.098963, 99
100, 0.109158, 99
101, 0.117539, 99
102, 0.125705, 99
103, 0.093630, 99
104, 0.102380, 99
105, 0.129804, 99
1, 0.059972, 99
2, -0.012709, 99
3, 0.105357, 99
4, 0.039953, 99
5, 0.016111, 99
6, 0.039383, 99
7, 0.065235, 99
8, 0.099313, 99
9, 0.083152, 99
10, 0.061746, 99
11, 0.065621, 99
12, 0.051572, 99
13, 0.127407, 99
14, 0.063102, 99
15, 0.065232, 99
16, 0.056577, 99
17, 0.104935, 99
18, -0.021724, 99
19, -0.034202, 99
20, 0.020276, 99
21, 0.124635, 99
22, 0.068190, 99
23, 0.118630, 99
24, 0.114037, 99
25, 0.130142, 99
26, 0.113249, 99
27, 0.072945, 99
28, 0.093787, 99
29, 0.096977, 99
30, 0.130733, 99
31, 0.111809, 99
32, 0.120050, 99
33, 0.099750, 99
34, 0.137526, 99
35, 0.078904, 99
36, 0.086132, 99
37, -0.038773, 99
38, -0.016497, 99
39, 0.041192, 99
40, 0.087738, 99
41, 0.114161, 99
42, 0.151975, 99
43, 0.075798, 99
44, -0.035763, 99
45, 0.069945, 99
46, 0.123221, 99
47, 0.036700, 99
48, 0.139748, 99
49, -0.003008, 99
50, 0.035436, 99
51, 0.035071, 99
52, 0.022095, 99
53, 0.048488, 99
54, 0.107070, 99
55, 0.096938, 99
56, 0.121172, 99
57, -0.014543, 99
58, 0.093970, 99
59, 0.064454, 99
60, -0.054834, 99
61, 0.058558, 99
62, -0.034538, 99
63, -0.035287, 99
64, 0.073198, 99
65, 0.097551, 99
66, -0.028756, 99
67, 0.127019, 99
68, 0.100672, 99
69, 0.076685, 99
70, 0.072055, 99
71, 0.442439, 99
72, 0.441942, 99
73, 0.486649, 99
74, 0.369970, 99
75, 0.516747, 99
76, 0.493980, 99
77, 0.644563, 99
78, 0.131874, 99
79, 0.106409, 99
80, -0.029055, 99
81, 0.074010, 99
82, 0.099785, 99
83, 0.108698, 99
84, 0.037548, 99
85, 0.074282, 99
86, 0.066063, 99
87, -0.020640, 99
88, 0.029867, 99
89, 0.045026, 99
90, 0.163639, 99
91, 0.133182, 99
92, 0.114013, 99
93, -0.057559, 99
94, 0.095141, 99
95, 0.079864, 99
96, 0.085901, 99
97, 0.078536, 99
98, 0.075754, 99
99, 0.126090, 99
100, 0.142198, 99
101, 0.153482, 99
102, 0.149617, 99
103, 0.117064, 99
104, 0.132441, 99
105, 0.133193, 99
1, 0.094448, 99
2, 0.108037, 99
3, 0.080161, 99
4, 0.083253, 99
5, 0.069829, 99
6, 0.080851, 99
7, 0.102959, 99
8, 0.114596, 99
9, 0.152723, 99
10, 0.108692, 99
11, 0.098015, 99
12, 0.080732, 99
13, 0.120997, 99
14, 0.087291, 99
15, 0.101265, 99
16, 0.078460, 99
17, 0.070014, 99
18, 0.059294, 99
19, 0.057879, 99
20, 0.042555, 99
21, 0.117617, 99
22, 0.081580, 99
23, 0.120221, 99
24, 0.093291, 99
25, 0.145079, 99
26, 0.106926, 99
27, 0.071371, 99
28, 0.094998, 99
29, 0.088429, 99
30, 0.112344, 99
31, 0.124233, 99
32, 0.123234, 99
33, 0.068600, 99
34, 0.134922, 99
35, 0.086818, 99
36, 0.094167, 99
37, 0.119987, 99
38, 0.070078, 99
39, 0.030671, 99
40, 0.066011, 99
41, 0.115418, 99
42, 0.117390, 99
43, 0.094846, 99
44, 0.063494, 99
45, 0.098670, 99
46, 0.092960, 99
47, 0.036007, 99
48, 0.077479, 99
49, 0.082813, 99
50, 0.046008, 99
51, 0.035851, 99
52, 0.066652, 99
53, 0.043480, 99
54, 0.097937, 99
55, 0.069830, 99
56, 0.088782, 99
57, 0.135340, 99
58, -0.025490, 99
59, 0.067113, 99
60, 0.143485, 99
61, 0.086974, 99
62, 0.093848, 99
63, 0.120427, 99
64, 0.117011, 99
65, 0.129191, 99
66, 0.079898, 99
67, 0.127793, 99
68, 0.070514, 99
69, 0.069480, 99
70, 0.079998, 99
71, 0.058098, 99
72, 0.086206, 99
73, 0.030157, 99
74, 0.101777, 99
75, 0.133436, 99
76, 0.136238, 99
77, 0.132859, 99
78, 0.693523, 99
79, 0.583889, 99
80, 0.458597, 99
81, 0.479079, 99
82, 0.559643, 99
83, 0.429276, 99
84, 0.653066, 99
85, 0.085291, 99
86, 0.065833, 99
87, 0.098582, 99
88, 0.034049, 99
89, 0.061425, 99
90, 0.114532, 99
91, 0.091800, 99
92, 0.145112, 99
93, 0.145988, 99
94, 0.092504, 99
95, 0.091920, 99
96, 0.076021, 99
97, 0.098167, 99
98, 0.042635, 99
99, 0.099404, 99
100, 0.107065, 99
101, 0.101328, 99
102, 0.141680, 99
103, 0.084953, 99
104, 0.152803, 99
105, 0.151300, 99
1, 0.075192, 99
2, 0.055719, 99
3, 0.069079, 99
4, 0.056571, 99
5, 0.050068, 99
6, 0.071080, 99
7, 0.106525, 99
8, 0.087009, 99
9, 0.083277, 99
10, 0.128876, 99
11, 0.095743, 99
12, 0.072422, 99
13, 0.098327, 99
14, 0.110066, 99
15, 0.073869, 99
16, 0.081072, 99
17, 0.002873, 99
18, 0.095910, 99
19, 0.097344, 99
20, 0.059809, 99
21, 0.116358, 99
22, 0.068353, 99
23, 0.107537, 99
24, 0.083345, 99
25, 0.123986, 99
26, 0.097983, 99
27, 0.099453, 99
28, 0.096695, 99
29, 0.085087, 99
30, 0.103420, 99
31, 0.131171, 99
32, 0.118470, 99
33, 0.075478, 99
34, 0.089096, 99
35, 0.084184, 99
36, 0.076116, 99
37, 0.088833, 99
38, 0.058926, 99
39, 0.053469, 99
40, 0.093297, 99
41, 0.121939, 99
42, -0.038723, 99
43, 0.088907, 99
44, 0.086980, 99
45, 0.094838, 99
46, 0.073814, 99
47, 0.064469, 99
48, 0.102134, 99
49, 0.084236, 99
50, 0.083549, 99
51, 0.052529, 99
52, 0.072245, 99
53, 0.056421, 99
54, 0.095608, 99
55, 0.097431, 99
56, 0.108200, 99
57, 0.114034, 99
58, 0.091363, 99
59, 0.043834, 99
60, 0.111058, 99
61, 0.072887, 99
62, 0.053665, 99
63, 0.058182, 99
64, 0.067620, 99
65, 0.091413, 99
66, 0.075457, 99
67, 0.143775, 99
68, 0.077402, 99
69, 0.077099, 99
70, 0.075414, 99
71, 0.063256, 99
72, 0.068486, 99
73, 0.038292, 99
74, 0.060997, 99
75, 0.132763, 99
76, 0.117911, 99
77, 0.078238, 99
78, 0.076019, 99
79, 0.099927, 99
80, 0.077069, 99
81, 0.099832, 99
82, 0.078889, 99
83, 0.086254, 99
84, 0.077071, 99
85, 0.700803, 99
86, 0.658131, 99
87, 0.523440, 99
88, 0.709199, 99
89, 0.564478, 99
90, 0.484705, 99
91, 0.413884, 99
92, 0.108514, 99
93, 0.012265, 99
94, 0.087920, 99
95, 0.119134, 99
96, 0.100193, 99
97, 0.093984, 99
98, 0.075097, 99
99, 0.085006, 99
100, 0.085531, 99
101, 0.100725, 99
102, 0.106724, 99
103, 0.097784, 99
104, 0.110178, 99
105, 0.117312, 99
1, 0.065582, 99
2, 0.068743, 99
3, -0.012342, 99
4, 0.051110, 99
5, 0.049661, 99
6, 0.058594, 99
7, 0.104732, 99
8, -0.062514, 99
9, 0.105797, 99
10, 0.098672, 99
11, 0.091117, 99
12, 0.096568, 99
13, 0.110786, 99
14, 0.107493, 99
15, 0.129615, 99
16, 0.084749, 99
17, 0.117032, 99
18, 0.103870, 99
19, 0.125479, 99
20, 0.058773, 99
21, 0.136665, 99
22, 0.098963, 99
23, 0.121864, 99
24, 0.096616, 99
25, -0.054415, 99
26, 0.102806, 99
27, -0.070083, 99
28, 0.108773, 99
29, 0.092260, 99
30, 0.130901, 99
31, 0.137819, 99
32, 0.153200, 99
33, -0.040602, 99
34, 0.141176, 99
35, 0.114451, 99
36, 0.065023, 99
37, -0.024110, 99
38, 0.059424, 99
39, 0.030653, 99
40, 0.071778, 99
41, 0.150328, 99
42, 0.137597, 99
43, 0.154450, 99
44, 0.086686, 99
45, 0.113720, 99
46, 0.074509, 99
47, 0.056088, 99
48, 0.088710, 99
49, 0.066027, 99
50, 0.052955, 99
51, 0.042031, 99
52, 0.053348, 99
53, 0.035255, 99
54, 0.122069, 99
55, 0.098222, 99
56, 0.114117, 99
57, -0.028467, 99
58, 0.092756, 99
59, 0.068104, 99
60, 0.151859, 99
61, 0.076115, 99
62, 0.062389, 99
63, 0.095534, 99
64, 0.090602, 99
65, 0.112779, 99
66, 0.080747, 99
67, 0.145043, 99
68, 0.088252, 99
69, 0.099187, 99
70, 0.085072, 99
71, 0.060030, 99
72, -0.025814, 99
73, 0.038053, 99
74, 0.086315, 99
75, 0.150255, 99
76, 0.137943, 99
77, 0.103985, 99
78, 0.114371, 99
79, 0.134836, 99
80, -0.033186, 99
81, -0.032814, 99
82, 0.068742, 99
83, 0.116874, 99
84, 0.089426, 99
85, 0.080829, 99
86, 0.063509, 99
87, 0.083859, 99
88, 0.047302, 99
89, 0.077285, 99
90, 0.122675, 99
91, 0.159966, 99
92, 0.464589, 99
93, 0.442234, 99
94, 0.484151, 99
95, 0.537814, 99
96, 0.621486, 99
97, 0.599208, 99
98, 0.576915, 99
99, 0.104011, 99
100, 0.164796, 99
101, 0.137013, 99
102, 0.151880, 99
103, 0.112705, 99
104, 0.125114, 99
105, 0.143858, 99
1, 0.069010, 99
2, 0.091805, 99
3, -0.080503, 99
4, 0.048034, 99
5, 0.044196, 99
6, 0.042798, 99
7, 0.093976, 99
8, 0.133425, 99
9, 0.129432, 99
10, -0.037757, 99
11, 0.066599, 99
12, 0.076899, 99
13, 0.132011, 99
14, 0.085566, 99
15, 0.117569, 99
16, 0.094782, 99
17, 0.107736, 99
18, 0.086301, 99
19, 0.101058, 99
20, 0.031462, 99
21, 0.198724, 99
22, 0.099369, 99
23, 0.152732, 99
24, 0.150444, 99
25, 0.165500, 99
26, 0.132815, 99
27, 0.122761, 99
28, 0.165471, 99
29, 0.104791, 99
30, -0.123048, 99
31, 0.165530, 99
32, 0.160129, 99
33, 0.118009, 99
34, 0.149683, 99
35, 0.094345, 99
36, 0.087435, 99
37, 0.136467, 99
38, 0.060427, 99
39, 0.032281, 99
40, 0.107089, 99
41, 0.150746, 99
42, 0.160773, 99
43, 0.128413, 99
44, 0.093964, 99
45, 0.103183, 99
46, 0.120969, 99
47, 0.034343, 99
48, 0.135159, 99
49, 0.066130, 99
50, 0.040801, 99
51, 0.020146, 99
52, 0.046406, 99
53, 0.026330, 99
54, 0.140605, 99
55, 0.126948, 99
56, 0.171781, 99
57, 0.134134, 99
58, 0.130632, 99
59, 0.071792, 99
60, 0.190083, 99
61, 0.068562, 99
62, 0.072743, 99
63, 0.103967, 99
64, 0.103600, 99
65, 0.120989, 99
66, 0.046904, 99
67, 0.183294, 99
68, 0.103604, 99
69, 0.098890, 99
70, 0.094947, 99
71, 0.093774, 99
72, 0.106482, 99
73, 0.067789, 99
74, 0.091984, 99
75, 0.180450, 99
76, 0.175354, 99
77, 0.143695, 99
78, -0.025974, 99
79, 0.145046, 99
80, 0.161881, 99
81, 0.088801, 99
82, 0.095664, 99
83, 0.128970, 99
84, 0.051365, 99
85, 0.061041, 99
86, 0.064720, 99
87, 0.079829, 99
88, 0.037425, 99
89, 0.067923, 99
90, 0.153429, 99
91, 0.154595, 99
92, 0.176137, 99
93, 0.151194, 99
94, 0.112422, 99
95, 0.128893, 99
96, 0.099313, 99
97, 0.119389, 99
98, 0.088947, 99
99, 0.547186, 99
100, 0.444601, 99
101, 0.495379, 99
102, 0.481652, 99
103, 0.374665, 99
104, 0.496478, 99
105, 0.473570, 99
