1, 0.258723, 99
2, 0.317167, 99
3, 0.405302, 99
4, 0.452056, 99
5, 0.363141, 99
6, 0.291912, 99
7, 0.240843, 99
8, 0.381312, 99
9, 0.402270, 99
10, 0.062905, 99
11, 0.040918, 99
12, 0.080002, 99
13, 0.094259, 99
14, 0.072083, 99
15, 0.064626, 99
16, 0.063816, 99
17, 0.049006, 99
18, 0.053333, 99
19, 0.069811, 99
20, 0.035018, 99
21, 0.059410, 99
22, 0.065165, 99
23, 0.088368, 99
24, 0.050760, 99
25, 0.060024, 99
26, 0.059190, 99
27, 0.066846, 99
28, 0.075646, 99
29, 0.055450, 99
30, 0.069543, 99
31, 0.080681, 99
32, 0.077228, 99
33, 0.043890, 99
34, 0.076505, 99
35, 0.045955, 99
36, 0.051188, 99
37, 0.088030, 99
38, 0.043485, 99
39, 0.037963, 99
40, 0.036059, 99
41, 0.076361, 99
42, 0.081732, 99
43, 0.062147, 99
44, 0.054369, 99
45, 0.067825, 99
46, 0.058368, 99
47, 0.029759, 99
48, 0.075200, 99
49, 0.049531, 99
50, 0.026675, 99
51, 0.020251, 99
52, 0.042073, 99
53, 0.035183, 99
54, 0.053598, 99
55, 0.052347, 99
56, 0.049019, 99
57, 0.059459, 99
58, 0.059487, 99
59, 0.035063, 99
60, 0.070467, 99
61, 0.072982, 99
62, 0.066079, 99
63, 0.086480, 99
64, 0.057417, 99
65, 0.048070, 99
66, 0.048360, 99
67, 0.078829, 99
68, 0.049277, 99
69, 0.060009, 99
70, 0.060917, 99
71, 0.043966, 99
72, 0.026008, 99
73, 0.037545, 99
74, 0.039792, 99
75, 0.069165, 99
76, 0.069732, 99
77, 0.081953, 99
78, 0.067908, 99
79, 0.104494, 99
80, 0.082914, 99
81, 0.075731, 99
82, 0.092823, 99
83, 0.070335, 99
84, 0.059457, 99
85, 0.054968, 99
86, 0.059297, 99
87, 0.060636, 99
88, 0.037920, 99
89, 0.040767, 99
90, 0.066506, 99
91, 0.056123, 99
92, 0.064332, 99
93, 0.080227, 99
94, 0.071965, 99
95, 0.062507, 99
96, 0.059947, 99
97, 0.072566, 99
98, 0.036900, 99
99, 0.069777, 99
100, 0.070227, 99
101, 0.072059, 99
102, 0.068007, 99
103, 0.075732, 99
104, 0.079186, 99
105, 0.063624, 99
106, 0.068425, 99
107, 0.061004, 99
108, 0.057789, 99
109, 0.058862, 99
110, 0.110075, 99
111, 0.065966, 99
112, 0.072820, 99
113, 0.041363, 99
114, 0.057889, 99
115, 0.071520, 99
116, 0.070270, 99
117, 0.073275, 99
118, 0.053602, 99
119, 0.076708, 99
120, 0.057282, 99
121, 0.045156, 99
122, 0.048968, 99
123, 0.088275, 99
124, 0.076441, 99
125, 0.062660, 99
126, 0.046871, 99
127, 0.062301, 99
128, 0.056686, 99
129, 0.071851, 99
130, 0.090892, 99
131, 0.061491, 99
132, 0.058277, 99
133, 0.057809, 99
134, 0.065925, 99
135, 0.084385, 99
1, 0.068220, 99
2, 0.056978, 99
3, 0.046978, 99
4, 0.039730, 99
5, 0.049537, 99
6, 0.053589, 99
7, 0.095503, 99
8, 0.103802, 99
9, 0.098402, 99
10, 0.249760, 99
11, 0.308276, 99
12, 0.277973, 99
13, 0.288449, 99
14, 0.312817, 99
15, 0.343843, 99
16, 0.208575, 99
17, 0.311397, 99
18, 0.334088, 99
19, 0.091040, 99
20, 0.059832, 99
21, 0.108929, 99
22, 0.068322, 99
23, 0.096566, 99
24, 0.063389, 99
25, 0.087516, 99
26, 0.078381, 99
27, 0.078243, 99
28, 0.086256, 99
29, 0.045711, 99
30, 0.102623, 99
31, 0.104503, 99
32, 0.114500, 99
33, 0.074220, 99
34, 0.103672, 99
35, 0.083198, 99
36, 0.055805, 99
37, 0.093829, 99
38, 0.057612, 99
39, 0.032560, 99
40, 0.039149, 99
41, 0.096426, 99
42, 0.105635, 99
43, 0.113711, 99
44, 0.076902, 99
45, 0.079969, 99
46, 0.070794, 99
47, 0.031281, 99
48, 0.057726, 99
49, 0.045589, 99
50, 0.026056, 99
51, 0.018151, 99
52, 0.039282, 99
53, 0.034621, 99
54, 0.080618, 99
55, 0.060834, 99
56, 0.085791, 99
57, 0.086693, 99
58, 0.072070, 99
59, 0.038742, 99
60, 0.114121, 99
61, 0.063992, 99
62, 0.056935, 99
63, 0.073861, 99
64, 0.069959, 99
65, 0.077618, 99
66, 0.066222, 99
67, 0.104531, 99
68, 0.058677, 99
69, 0.084360, 99
70, 0.064722, 99
71, 0.043615, 99
72, 0.035249, 99
73, 0.024747, 99
74, 0.069310, 99
75, 0.096845, 99
76, 0.114997, 99
77, 0.081228, 99
78, 0.072465, 99
79, 0.095436, 99
80, 0.083780, 99
81, 0.088028, 99
82, 0.070460, 99
83, 0.092247, 99
84, 0.060248, 99
85, 0.075011, 99
86, 0.054870, 99
87, 0.084145, 99
88, 0.040694, 99
89, 0.056562, 99
90, 0.095623, 99
91, 0.109197, 99
92, 0.112844, 99
93, 0.102911, 99
94, 0.078384, 99
95, 0.108179, 99
96, 0.084681, 99
97, 0.109383, 99
98, 0.063703, 99
99, 0.082334, 99
100, 0.113077, 99
101, 0.091613, 99
102, 0.118849, 99
103, 0.066155, 99
104, 0.092803, 99
105, 0.095415, 99
106, 0.072286, 99
107, 0.093999, 99
108, 0.085789, 99
109, 0.081024, 99
110, 0.114050, 99
111, 0.094770, 99
112, 0.080843, 99
113, 0.070121, 99
114, 0.071314, 99
115, 0.061310, 99
116, 0.083709, 99
117, 0.095639, 99
118, 0.079344, 99
119, 0.072017, 99
120, 0.083333, 99
121, 0.042769, 99
122, 0.042413, 99
123, 0.085876, 99
124, 0.102808, 99
125, 0.067955, 99
126, 0.086710, 99
127, 0.082490, 99
128, 0.075758, 99
129, 0.078119, 99
130, 0.090137, 99
131, 0.083210, 99
132, 0.060654, 99
133, 0.091203, 99
134, 0.104166, 99
135, 0.107772, 99
1, 0.051385, 99
2, 0.068705, 99
3, 0.080390, 99
4, 0.047633, 99
5, 0.037730, 99
6, 0.048461, 99
7, 0.074398, 99
8, 0.091569, 99
9, 0.111227, 99
10, 0.058803, 99
11, 0.080678, 99
12, 0.067196, 99
13, 0.104248, 99
14, 0.091717, 99
15, 0.080297, 99
16, 0.066849, 99
17, 0.077499, 99
18, 0.060404, 99
19, 0.337614, 99
20, 0.298951, 99
21, 0.278371, 99
22, 0.376463, 99
23, 0.472467, 99
24, 0.311698, 99
25, 0.249433, 99
26, 0.337712, 99
27, 0.312357, 99
28, 0.128951, 99
29, 0.076810, 99
30, 0.119492, 99
31, 0.110669, 99
32, 0.119259, 99
33, 0.073238, 99
34, 0.122426, 99
35, 0.079708, 99
36, 0.067401, 99
37, 0.097981, 99
38, 0.068945, 99
39, 0.056349, 99
40, 0.078835, 99
41, 0.127099, 99
42, 0.147404, 99
43, 0.097267, 99
44, 0.080082, 99
45, 0.099429, 99
46, 0.097955, 99
47, 0.046258, 99
48, 0.090076, 99
49, 0.057630, 99
50, 0.012994, 99
51, 0.031534, 99
52, 0.052674, 99
53, 0.051149, 99
54, 0.113930, 99
55, 0.085789, 99
56, 0.093014, 99
57, 0.090897, 99
58, 0.107670, 99
59, 0.073706, 99
60, 0.142095, 99
61, 0.074088, 99
62, 0.076156, 99
63, 0.083568, 99
64, 0.052181, 99
65, 0.096480, 99
66, 0.073387, 99
67, 0.114509, 99
68, 0.093275, 99
69, 0.086201, 99
70, 0.069951, 99
71, 0.067830, 99
72, 0.052708, 99
73, 0.051285, 99
74, 0.079783, 99
75, 0.132106, 99
76, 0.115468, 99
77, 0.105421, 99
78, 0.105166, 99
79, 0.123696, 99
80, 0.111237, 99
81, 0.074348, 99
82, 0.069402, 99
83, 0.098301, 99
84, 0.051172, 99
85, 0.059952, 99
86, 0.057931, 99
87, 0.071421, 99
88, 0.053123, 99
89, 0.049735, 99
90, 0.120445, 99
91, 0.131999, 99
92, 0.105623, 99
93, 0.113610, 99
94, 0.096289, 99
95, 0.120752, 99
96, 0.099693, 99
97, 0.077534, 99
98, 0.082610, 99
99, 0.107206, 99
100, 0.129452, 99
101, 0.135862, 99
102, 0.120641, 99
103, 0.098213, 99
104, 0.121448, 99
105, 0.127982, 99
106, 0.106641, 99
107, 0.096666, 99
108, 0.125501, 99
109, 0.112366, 99
110, 0.117651, 99
111, 0.111929, 99
112, 0.107273, 99
113, 0.066691, 99
114, 0.071921, 99
115, 0.103835, 99
116, 0.101485, 99
117, 0.127169, 99
118, 0.059769, 99
119, 0.061007, 99
120, 0.090286, 99
121, 0.050181, 99
122, 0.054257, 99
123, 0.085876, 99
124, 0.093854, 99
125, 0.092912, 99
126, 0.099797, 99
127, 0.133752, 99
128, 0.123675, 99
129, 0.095617, 99
130, 0.088740, 99
131, 0.112003, 99
132, 0.057447, 99
133, 0.080932, 99
134, 0.091440, 99
135, 0.112529, 99
1, 0.056868, 99
2, 0.072986, 99
3, 0.095650, 99
4, 0.034536, 99
5, 0.052976, 99
6, 0.048514, 99
7, 0.089165, 99
8, 0.115723, 99
9, 0.095295, 99
10, 0.082993, 99
11, 0.095402, 99
12, 0.091551, 99
13, 0.126164, 99
14, 0.062821, 99
15, 0.089188, 99
16, 0.070830, 99
17, 0.110988, 99
18, 0.086755, 99
19, 0.079043, 99
20, 0.038027, 99
21, 0.120111, 99
22, 0.086623, 99
23, 0.110816, 99
24, 0.088257, 99
25, 0.139388, 99
26, 0.100257, 99
27, 0.112463, 99
28, 0.339133, 99
29, 0.267571, 99
30, 0.395413, 99
31, 0.362185, 99
32, 0.430831, 99
33, 0.319077, 99
34, 0.396276, 99
35, 0.354657, 99
36, 0.180425, 99
37, 0.098510, 99
38, 0.059636, 99
39, 0.033848, 99
40, 0.058037, 99
41, 0.095676, 99
42, 0.114380, 99
43, 0.094622, 99
44, 0.103819, 99
45, 0.086816, 99
46, 0.092640, 99
47, 0.033042, 99
48, 0.103299, 99
49, 0.046740, 99
50, 0.023191, 99
51, 0.013439, 99
52, 0.043844, 99
53, 0.041251, 99
54, 0.094824, 99
55, 0.101436, 99
56, 0.116181, 99
57, 0.073757, 99
58, 0.086525, 99
59, 0.070632, 99
60, 0.143932, 99
61, 0.074480, 99
62, 0.094924, 99
63, 0.093032, 99
64, 0.078261, 99
65, 0.100403, 99
66, 0.064775, 99
67, 0.126387, 99
68, 0.090406, 99
69, 0.053603, 99
70, 0.069518, 99
71, 0.083923, 99
72, 0.047942, 99
73, 0.071141, 99
74, 0.099090, 99
75, 0.124062, 99
76, 0.134723, 99
77, 0.084957, 99
78, 0.095729, 99
79, 0.126113, 99
80, 0.089834, 99
81, 0.077205, 99
82, 0.075838, 99
83, 0.097822, 99
84, 0.054746, 99
85, 0.059140, 99
86, 0.059071, 99
87, 0.079704, 99
88, 0.039464, 99
89, 0.049923, 99
90, 0.100108, 99
91, 0.127181, 99
92, 0.132109, 99
93, 0.117859, 99
94, 0.091616, 99
95, 0.110493, 99
96, 0.081285, 99
97, 0.097913, 99
98, 0.096714, 99
99, 0.121872, 99
100, 0.133940, 99
101, 0.148243, 99
102, 0.152575, 99
103, 0.088028, 99
104, 0.123483, 99
105, 0.132794, 99
106, 0.095924, 99
107, 0.085403, 99
108, 0.116378, 99
109, 0.099588, 99
110, 0.114105, 99
111, 0.127305, 99
112, 0.126924, 99
113, 0.097131, 99
114, 0.080284, 99
115, 0.090758, 99
116, 0.125704, 99
117, 0.121025, 99
118, 0.061401, 99
119, 0.065748, 99
120, 0.084119, 99
121, 0.053636, 99
122, 0.043575, 99
123, 0.100828, 99
124, 0.123918, 99
125, 0.093263, 99
126, 0.114110, 99
127, 0.093406, 99
128, 0.107629, 99
129, 0.096267, 99
130, 0.099871, 99
131, 0.086407, 99
132, 0.060802, 99
133, 0.107841, 99
134, 0.098866, 99
135, 0.113292, 99
1, 0.054459, 99
2, 0.070690, 99
3, 0.070657, 99
4, 0.045330, 99
5, 0.032062, 99
6, 0.028443, 99
7, 0.074697, 99
8, 0.078587, 99
9, 0.079552, 99
10, 0.068486, 99
11, 0.067924, 99
12, 0.062501, 99
13, 0.095077, 99
14, 0.062035, 99
15, 0.089586, 99
16, 0.067107, 99
17, 0.044162, 99
18, 0.060524, 99
19, 0.081460, 99
20, 0.040758, 99
21, 0.111457, 99
22, 0.095570, 99
23, 0.140114, 99
24, 0.089846, 99
25, 0.100111, 99
26, 0.081617, 99
27, 0.042884, 99
28, 0.102636, 99
29, 0.044510, 99
30, 0.118476, 99
31, 0.103996, 99
32, 0.086239, 99
33, 0.075711, 99
34, 0.103027, 99
35, 0.071570, 99
36, 0.075196, 99
37, 0.332146, 99
38, 0.317484, 99
39, 0.162742, 99
40, 0.194258, 99
41, 0.367457, 99
42, 0.402905, 99
43, 0.342324, 99
44, 0.361886, 99
45, 0.291514, 99
46, 0.080067, 99
47, 0.018543, 99
48, 0.095247, 99
49, 0.046853, 99
50, 0.030267, 99
51, 0.010487, 99
52, 0.035010, 99
53, 0.035826, 99
54, 0.084306, 99
55, 0.075403, 99
56, 0.091370, 99
57, 0.085485, 99
58, 0.070814, 99
59, 0.050530, 99
60, 0.127256, 99
61, 0.061834, 99
62, 0.066720, 99
63, 0.090582, 99
64, 0.076171, 99
65, 0.085477, 99
66, 0.064785, 99
67, 0.105687, 99
68, 0.078376, 99
69, 0.089249, 99
70, 0.054003, 99
71, 0.044714, 99
72, 0.065649, 99
73, 0.028810, 99
74, 0.061715, 99
75, 0.103959, 99
76, 0.128924, 99
77, 0.087564, 99
78, 0.072715, 99
79, 0.103889, 99
80, 0.113409, 99
81, 0.083063, 99
82, 0.080729, 99
83, 0.074242, 99
84, 0.032800, 99
85, 0.069928, 99
86, 0.036908, 99
87, 0.064182, 99
88, 0.021398, 99
89, 0.052832, 99
90, 0.127762, 99
91, 0.119355, 99
92, 0.112891, 99
93, 0.099482, 99
94, 0.097500, 99
95, 0.116945, 99
96, 0.102388, 99
97, 0.081889, 99
98, 0.086442, 99
99, 0.087257, 99
100, 0.102832, 99
101, 0.089404, 99
102, 0.132434, 99
103, 0.095543, 99
104, 0.106169, 99
105, 0.130147, 99
106, 0.106652, 99
107, 0.079362, 99
108, 0.126684, 99
109, 0.108008, 99
110, 0.100049, 99
111, 0.104085, 99
112, 0.114652, 99
113, 0.058300, 99
114, 0.063503, 99
115, 0.089120, 99
116, 0.090586, 99
117, 0.088514, 99
118, 0.052279, 99
119, 0.058053, 99
120, 0.090215, 99
121, 0.051635, 99
122, 0.035785, 99
123, 0.080879, 99
124, 0.104311, 99
125, 0.067239, 99
126, 0.083907, 99
127, 0.106398, 99
128, 0.104015, 99
129, 0.079156, 99
130, 0.072631, 99
131, 0.095803, 99
132, 0.050112, 99
133, 0.089182, 99
134, 0.109313, 99
135, 0.095426, 99
1, 0.057203, 99
2, 0.044672, 99
3, 0.038322, 99
4, 0.013230, 99
5, 0.030901, 99
6, 0.017730, 99
7, 0.032945, 99
8, 0.048477, 99
9, 0.054835, 99
10, 0.025897, 99
11, 0.037262, 99
12, 0.059388, 99
13, 0.061421, 99
14, 0.038417, 99
15, 0.033699, 99
16, 0.040570, 99
17, 0.045796, 99
18, 0.024766, 99
19, 0.042302, 99
20, 0.062205, 99
21, 0.062168, 99
22, 0.047163, 99
23, 0.072218, 99
24, 0.064799, 99
25, 0.060039, 99
26, 0.055554, 99
27, 0.043898, 99
28, 0.072176, 99
29, 0.039696, 99
30, 0.061849, 99
31, 0.067552, 99
32, 0.064264, 99
33, 0.028623, 99
34, 0.051275, 99
35, 0.036340, 99
36, 0.033623, 99
37, 0.053194, 99
38, 0.017884, 99
39, 0.019059, 99
40, 0.044127, 99
41, 0.073588, 99
42, 0.056999, 99
43, 0.058423, 99
44, 0.046297, 99
45, 0.039273, 99
46, 0.302478, 99
47, 0.355315, 99
48, 0.289543, 99
49, 0.211315, 99
50, 0.415943, 99
51, 0.216326, 99
52, 0.346659, 99
53, 0.450291, 99
54, 0.269231, 99
55, 0.090700, 99
56, 0.043447, 99
57, 0.046211, 99
58, 0.057791, 99
59, 0.012814, 99
60, 0.043744, 99
61, 0.051544, 99
62, 0.034349, 99
63, 0.046924, 99
64, 0.048307, 99
65, 0.064760, 99
66, 0.040768, 99
67, 0.057253, 99
68, 0.045374, 99
69, 0.022524, 99
70, 0.032193, 99
71, 0.053946, 99
72, 0.027992, 99
73, 0.021030, 99
74, 0.040381, 99
75, 0.065844, 99
76, 0.077008, 99
77, 0.074587, 99
78, 0.070174, 99
79, 0.040221, 99
80, 0.055977, 99
81, 0.051990, 99
82, 0.032263, 99
83, 0.054451, 99
84, 0.021859, 99
85, 0.042731, 99
86, 0.031455, 99
87, 0.041719, 99
88, 0.033672, 99
89, 0.029925, 99
90, 0.057089, 99
91, 0.074286, 99
92, 0.060131, 99
93, 0.043137, 99
94, 0.033178, 99
95, 0.066096, 99
96, 0.054762, 99
97, 0.032302, 99
98, 0.054149, 99
99, 0.054851, 99
100, 0.045496, 99
101, 0.051965, 99
102, 0.078908, 99
103, 0.060014, 99
104, 0.059622, 99
105, 0.068740, 99
106, 0.046817, 99
107, 0.051932, 99
108, 0.071565, 99
109, 0.063497, 99
110, 0.043678, 99
111, 0.063702, 99
112, 0.068363, 99
113, 0.039865, 99
114, 0.035615, 99
115, 0.063850, 99
116, 0.065561, 99
117, 0.065264, 99
118, 0.040095, 99
119, 0.042055, 99
120, 0.057672, 99
121, 0.025708, 99
122, 0.039284, 99
123, 0.044072, 99
124, 0.041601, 99
125, 0.061251, 99
126, 0.044841, 99
127, 0.071447, 99
128, 0.057775, 99
129, 0.045233, 99
130, 0.036975, 99
131, 0.041704, 99
132, 0.040483, 99
133, 0.046559, 99
134, 0.067627, 99
135, 0.029643, 99
1, 0.056435, 99
2, 0.075955, 99
3, 0.073981, 99
4, 0.026496, 99
5, 0.044469, 99
6, 0.029576, 99
7, 0.066334, 99
8, 0.075000, 99
9, 0.077931, 99
10, 0.063904, 99
11, 0.055525, 99
12, 0.082095, 99
13, 0.092235, 99
14, 0.058810, 99
15, 0.067141, 99
16, 0.053083, 99
17, 0.067240, 99
18, 0.052948, 99
19, 0.059799, 99
20, 0.040917, 99
21, 0.126544, 99
22, 0.060484, 99
23, 0.086910, 99
24, 0.067606, 99
25, 0.118044, 99
26, 0.086708, 99
27, 0.075948, 99
28, 0.094142, 99
29, 0.060224, 99
30, 0.088253, 99
31, 0.096546, 99
32, 0.100951, 99
33, 0.067870, 99
34, 0.096101, 99
35, 0.063271, 99
36, 0.060344, 99
37, 0.075888, 99
38, 0.049832, 99
39, 0.042309, 99
40, 0.066680, 99
41, 0.090196, 99
42, 0.110861, 99
43, 0.074884, 99
44, 0.068859, 99
45, 0.035894, 99
46, 0.082691, 99
47, 0.014022, 99
48, 0.065268, 99
49, 0.049219, 99
50, 0.011018, 99
51, 0.011496, 99
52, 0.029653, 99
53, 0.025070, 99
54, 0.122051, 99
55, 0.269817, 99
56, 0.314777, 99
57, 0.185726, 99
58, 0.270589, 99
59, 0.269359, 99
60, 0.377619, 99
61, 0.368829, 99
62, 0.387845, 99
63, 0.288129, 99
64, 0.068765, 99
65, 0.069605, 99
66, 0.068113, 99
67, 0.084856, 99
68, 0.073387, 99
69, 0.053847, 99
70, 0.046273, 99
71, 0.043940, 99
72, 0.066981, 99
73, 0.043359, 99
74, 0.071917, 99
75, 0.096005, 99
76, 0.115408, 99
77, 0.068815, 99
78, 0.097780, 99
79, 0.090656, 99
80, 0.090041, 99
81, 0.060734, 99
82, 0.040507, 99
83, 0.061699, 99
84, 0.035160, 99
85, 0.054464, 99
86, 0.039667, 99
87, 0.043071, 99
88, 0.026148, 99
89, 0.035705, 99
90, 0.112177, 99
91, 0.092570, 99
92, 0.083094, 99
93, 0.093768, 99
94, 0.085275, 99
95, 0.088465, 99
96, 0.054842, 99
97, 0.070324, 99
98, 0.048667, 99
99, 0.068750, 99
100, 0.109744, 99
101, 0.131810, 99
102, 0.105739, 99
103, 0.069666, 99
104, 0.087347, 99
105, 0.101811, 99
106, 0.088218, 99
107, 0.062875, 99
108, 0.104621, 99
109, 0.106664, 99
110, 0.097137, 99
111, 0.097636, 99
112, 0.075114, 99
113, 0.042885, 99
114, 0.067547, 99
115, 0.085623, 99
116, 0.099637, 99
117, 0.101520, 99
118, 0.059039, 99
119, 0.052351, 99
120, 0.063153, 99
121, 0.049740, 99
122, 0.036582, 99
123, 0.092773, 99
124, 0.082722, 99
125, 0.052921, 99
126, 0.060480, 99
127, 0.081433, 99
128, 0.086395, 99
129, 0.083076, 99
130, 0.081934, 99
131, 0.068924, 99
132, 0.042893, 99
133, 0.067688, 99
134, 0.064422, 99
135, 0.100431, 99
1, 0.034676, 99
2, 0.050449, 99
3, 0.069180, 99
4, 0.039312, 99
5, 0.028862, 99
6, 0.037049, 99
7, 0.038911, 99
8, 0.082650, 99
9, 0.067750, 99
10, 0.049581, 99
11, 0.065132, 99
12, 0.052093, 99
13, 0.081152, 99
14, 0.066300, 99
15, 0.066187, 99
16, 0.039281, 99
17, 0.082029, 99
18, 0.041037, 99
19, 0.059865, 99
20, 0.028545, 99
21, 0.087202, 99
22, 0.042412, 99
23, 0.090047, 99
24, 0.069749, 99
25, 0.102456, 99
26, 0.062279, 99
27, 0.073356, 99
28, 0.078140, 99
29, 0.076582, 99
30, 0.084782, 99
31, 0.078269, 99
32, 0.064938, 99
33, 0.056099, 99
34, 0.087380, 99
35, 0.054034, 99
36, 0.074605, 99
37, 0.086716, 99
38, 0.044619, 99
39, 0.039836, 99
40, 0.054412, 99
41, 0.085047, 99
42, 0.095654, 99
43, 0.075833, 99
44, 0.055969, 99
45, 0.052774, 99
46, 0.043958, 99
47, 0.043116, 99
48, 0.073275, 99
49, 0.032213, 99
50, 0.011807, 99
51, 0.018896, 99
52, 0.024818, 99
53, 0.027430, 99
54, 0.087145, 99
55, 0.075698, 99
56, 0.092346, 99
57, 0.071444, 99
58, 0.062996, 99
59, 0.046606, 99
60, 0.105281, 99
61, 0.063077, 99
62, 0.053663, 99
63, 0.087300, 99
64, 0.257434, 99
65, 0.309843, 99
66, 0.239094, 99
67, 0.347842, 99
68, 0.300404, 99
69, 0.344380, 99
70, 0.246249, 99
71, 0.292598, 99
72, 0.303204, 99
73, 0.039558, 99
74, 0.054195, 99
75, 0.099981, 99
76, 0.089509, 99
77, 0.079179, 99
78, 0.085295, 99
79, 0.092888, 99
80, 0.087816, 99
81, 0.063367, 99
82, 0.079502, 99
83, 0.072915, 99
84, 0.028964, 99
85, 0.055107, 99
86, 0.042254, 99
87, 0.054470, 99
88, 0.026869, 99
89, 0.029118, 99
90, 0.105464, 99
91, 0.092908, 99
92, 0.094704, 99
93, 0.110825, 99
94, 0.074497, 99
95, 0.071233, 99
96, 0.065456, 99
97, 0.060740, 99
98, 0.053403, 99
99, 0.091418, 99
100, 0.090678, 99
101, 0.104364, 99
102, 0.110976, 99
103, 0.078269, 99
104, 0.090188, 99
105, 0.071469, 99
106, 0.091369, 99
107, 0.061670, 99
108, 0.085336, 99
109, 0.094503, 99
110, 0.075052, 99
111, 0.092542, 99
112, 0.092182, 99
113, 0.081260, 99
114, 0.061672, 99
115, 0.079383, 99
116, 0.075508, 99
117, 0.080809, 99
118, 0.040612, 99
119, 0.054893, 99
120, 0.065982, 99
121, 0.039489, 99
122, 0.031549, 99
123, 0.069319, 99
124, 0.062892, 99
125, 0.056115, 99
126, 0.070277, 99
127, 0.066033, 99
128, 0.066596, 99
129, 0.073191, 99
130, 0.058625, 99
131, 0.072619, 99
132, 0.048258, 99
133, 0.051817, 99
134, 0.082391, 99
135, 0.095965, 99
1, 0.072816, 99
2, 0.087042, 99
3, 0.096790, 99
4, 0.054962, 99
5, 0.027793, 99
6, 0.044396, 99
7, 0.079665, 99
8, 0.104275, 99
9, 0.124607, 99
10, 0.067550, 99
11, 0.079038, 99
12, 0.057992, 99
13, 0.126599, 99
14, 0.073888, 99
15, 0.102955, 99
16, 0.070540, 99
17, 0.102858, 99
18, 0.069845, 99
19, 0.084475, 99
20, 0.030551, 99
21, 0.124104, 99
22, 0.094443, 99
23, 0.128268, 99
24, 0.100247, 99
25, 0.135725, 99
26, 0.112619, 99
27, 0.087478, 99
28, 0.100835, 99
29, 0.069664, 99
30, 0.127715, 99
31, 0.122791, 99
32, 0.126895, 99
33, 0.093679, 99
34, 0.147365, 99
35, 0.084341, 99
36, 0.086118, 99
37, 0.112694, 99
38, 0.072582, 99
39, 0.040622, 99
40, 0.066751, 99
41, 0.111933, 99
42, 0.144790, 99
43, 0.095417, 99
44, 0.069187, 99
45, 0.089127, 99
46, 0.099414, 99
47, 0.039847, 99
48, 0.095414, 99
49, 0.072228, 99
50, 0.031339, 99
51, 0.024597, 99
52, 0.055022, 99
53, 0.060080, 99
54, 0.105937, 99
55, 0.087361, 99
56, 0.116442, 99
57, 0.113525, 99
58, 0.101505, 99
59, 0.067138, 99
60, 0.156124, 99
61, 0.079784, 99
62, 0.083350, 99
63, 0.104107, 99
64, 0.087447, 99
65, 0.117362, 99
66, 0.070022, 99
67, 0.150159, 99
68, 0.078191, 99
69, 0.088272, 99
70, 0.079444, 99
71, 0.071368, 99
72, 0.080800, 99
73, 0.151088, 99
74, 0.236427, 99
75, 0.360332, 99
76, 0.347214, 99
77, 0.359585, 99
78, 0.417143, 99
79, 0.383976, 99
80, 0.301356, 99
81, 0.400656, 99
82, 0.088995, 99
83, 0.134446, 99
84, 0.039299, 99
85, 0.069865, 99
86, 0.053672, 99
87, 0.078532, 99
88, 0.035341, 99
89, 0.055463, 99
90, 0.135827, 99
91, 0.104294, 99
92, 0.123893, 99
93, 0.137037, 99
94, 0.094545, 99
95, 0.106622, 99
96, 0.090439, 99
97, 0.092637, 99
98, 0.068467, 99
99, 0.099923, 99
100, 0.137783, 99
101, 0.135431, 99
102, 0.145987, 99
103, 0.086466, 99
104, 0.127804, 99
105, 0.148154, 99
106, 0.122875, 99
107, 0.091408, 99
108, 0.138605, 99
109, 0.128010, 99
110, 0.147982, 99
111, 0.129690, 99
112, 0.113904, 99
113, 0.066605, 99
114, 0.089363, 99
115, 0.098751, 99
116, 0.116095, 99
117, 0.121694, 99
118, 0.063389, 99
119, 0.078760, 99
120, 0.109625, 99
121, 0.079390, 99
122, 0.042669, 99
123, 0.118845, 99
124, 0.116885, 99
125, 0.082546, 99
126, 0.107104, 99
127, 0.112183, 99
128, 0.107019, 99
129, 0.100304, 99
130, 0.080004, 99
131, 0.096685, 99
132, 0.078630, 99
133, 0.092108, 99
134, 0.109733, 99
135, 0.122619, 99
1, 0.065938, 99
2, 0.056777, 99
3, 0.051351, 99
4, 0.050807, 99
5, 0.046599, 99
6, 0.069470, 99
7, 0.057675, 99
8, 0.066457, 99
9, 0.069654, 99
10, 0.070635, 99
11, 0.053851, 99
12, 0.055175, 99
13, 0.073431, 99
14, 0.083118, 99
15, 0.057328, 99
16, 0.055335, 99
17, 0.064119, 99
18, 0.053950, 99
19, 0.082900, 99
20, 0.050234, 99
21, 0.064480, 99
22, 0.052278, 99
23, 0.065097, 99
24, 0.051677, 99
25, 0.081177, 99
26, 0.074433, 99
27, 0.061313, 99
28, 0.054351, 99
29, 0.045012, 99
30, 0.074776, 99
31, 0.095917, 99
32, 0.078679, 99
33, 0.059559, 99
34, 0.053280, 99
35, 0.048680, 99
36, 0.053214, 99
37, 0.069625, 99
38, 0.043091, 99
39, 0.028170, 99
40, 0.050710, 99
41, 0.104367, 99
42, 0.072859, 99
43, 0.063367, 99
44, 0.044815, 99
45, 0.082735, 99
46, 0.044227, 99
47, 0.037668, 99
48, 0.058006, 99
49, 0.046963, 99
50, 0.051500, 99
51, 0.031225, 99
52, 0.035726, 99
53, 0.022562, 99
54, 0.074570, 99
55, 0.065762, 99
56, 0.065019, 99
57, 0.061083, 99
58, 0.059519, 99
59, 0.033581, 99
60, 0.087808, 99
61, 0.038147, 99
62, 0.056260, 99
63, 0.044021, 99
64, 0.036629, 99
65, 0.068857, 99
66, 0.056015, 99
67, 0.105388, 99
68, 0.061263, 99
69, 0.057237, 99
70, 0.042740, 99
71, 0.038604, 99
72, 0.050233, 99
73, 0.032292, 99
74, 0.044749, 99
75, 0.101710, 99
76, 0.091840, 99
77, 0.080540, 99
78, 0.075898, 99
79, 0.067187, 99
80, 0.068563, 99
81, 0.070077, 99
82, 0.297408, 99
83, 0.317882, 99
84, 0.330101, 99
85, 0.269515, 99
86, 0.300398, 99
87, 0.290676, 99
88, 0.194856, 99
89, 0.213281, 99
90, 0.483570, 99
91, 0.069666, 99
92, 0.071764, 99
93, 0.086144, 99
94, 0.066320, 99
95, 0.068289, 99
96, 0.059916, 99
97, 0.059861, 99
98, 0.043373, 99
99, 0.070654, 99
100, 0.064339, 99
101, 0.058350, 99
102, 0.079992, 99
103, 0.060541, 99
104, 0.062867, 99
105, 0.080473, 99
106, 0.069418, 99
107, 0.069478, 99
108, 0.084650, 99
109, 0.077981, 99
110, 0.080255, 99
111, 0.074775, 99
112, 0.063601, 99
113, 0.041839, 99
114, 0.041841, 99
115, 0.065130, 99
116, 0.067945, 99
117, 0.062813, 99
118, 0.054980, 99
119, 0.046546, 99
120, 0.062498, 99
121, 0.046398, 99
122, 0.036935, 99
123, 0.058590, 99
124, 0.070733, 99
125, 0.041377, 99
126, 0.035127, 99
127, 0.060662, 99
128, 0.070759, 99
129, 0.061620, 99
130, 0.055484, 99
131, 0.044761, 99
132, 0.073212, 99
133, 0.051658, 99
134, 0.050758, 99
135, 0.062075, 99
1, 0.068981, 99
2, 0.073233, 99
3, 0.056632, 99
4, 0.034475, 99
5, 0.029773, 99
6, 0.047711, 99
7, 0.080234, 99
8, 0.112946, 99
9, 0.105194, 99
10, 0.069360, 99
11, 0.083354, 99
12, 0.079489, 99
13, 0.100591, 99
14, 0.089886, 99
15, 0.102251, 99
16, 0.077833, 99
17, 0.126912, 99
18, 0.078984, 99
19, 0.116104, 99
20, 0.050093, 99
21, 0.119530, 99
22, 0.092268, 99
23, 0.126744, 99
24, 0.094014, 99
25, 0.116639, 99
26, 0.108230, 99
27, 0.097725, 99
28, 0.123968, 99
29, 0.085789, 99
30, 0.107298, 99
31, 0.105524, 99
32, 0.135488, 99
33, 0.078730, 99
34, 0.123196, 99
35, 0.097654, 99
36, 0.067287, 99
37, 0.109189, 99
38, 0.064375, 99
39, 0.048689, 99
40, 0.072061, 99
41, 0.144310, 99
42, 0.137205, 99
43, 0.121218, 99
44, 0.103296, 99
45, 0.090446, 99
46, 0.076586, 99
47, 0.055037, 99
48, 0.087408, 99
49, 0.044235, 99
50, 0.036397, 99
51, 0.037598, 99
52, 0.054555, 99
53, 0.035031, 99
54, 0.107450, 99
55, 0.108109, 99
56, 0.098437, 99
57, 0.091506, 99
58, 0.093129, 99
59, 0.060180, 99
60, 0.141869, 99
61, 0.064512, 99
62, 0.061107, 99
63, 0.100437, 99
64, 0.085056, 99
65, 0.096939, 99
66, 0.085343, 99
67, 0.135988, 99
68, 0.092197, 99
69, 0.087533, 99
70, 0.065837, 99
71, 0.071878, 99
72, 0.042387, 99
73, 0.043193, 99
74, 0.077016, 99
75, 0.140385, 99
76, 0.129327, 99
77, 0.099270, 99
78, 0.100748, 99
79, 0.101303, 99
80, 0.104458, 99
81, 0.081703, 99
82, 0.062996, 99
83, 0.101803, 99
84, 0.055638, 99
85, 0.058245, 99
86, 0.044302, 99
87, 0.066208, 99
88, 0.034734, 99
89, 0.061450, 99
90, 0.130155, 99
91, 0.489859, 99
92, 0.366343, 99
93, 0.353720, 99
94, 0.332281, 99
95, 0.330814, 99
96, 0.372469, 99
97, 0.345275, 99
98, 0.270387, 99
99, 0.256510, 99
100, 0.138537, 99
101, 0.131927, 99
102, 0.147007, 99
103, 0.106291, 99
104, 0.104940, 99
105, 0.132447, 99
106, 0.112816, 99
107, 0.085288, 99
108, 0.123730, 99
109, 0.120328, 99
110, 0.116232, 99
111, 0.131519, 99
112, 0.114470, 99
113, 0.074786, 99
114, 0.095616, 99
115, 0.097395, 99
116, 0.112944, 99
117, 0.116327, 99
118, 0.065461, 99
119, 0.078889, 99
120, 0.121168, 99
121, 0.051769, 99
122, 0.047531, 99
123, 0.111137, 99
124, 0.118140, 99
125, 0.095129, 99
126, 0.111430, 99
127, 0.098705, 99
128, 0.117900, 99
129, 0.099459, 99
130, 0.097893, 99
131, 0.109361, 99
132, 0.044297, 99
133, 0.091383, 99
134, 0.091495, 99
135, 0.118054, 99
1, 0.069519, 99
2, 0.087064, 99
3, 0.099975, 99
4, 0.048151, 99
5, 0.034565, 99
6, 0.033886, 99
7, 0.096850, 99
8, 0.122640, 99
9, 0.125285, 99
10, 0.077829, 99
11, 0.065471, 99
12, 0.055280, 99
13, 0.120354, 99
14, 0.069402, 99
15, 0.104110, 99
16, 0.074195, 99
17, 0.101953, 99
18, 0.070756, 99
19, 0.086744, 99
20, 0.030565, 99
21, 0.156767, 99
22, 0.096632, 99
23, 0.131967, 99
24, 0.124287, 99
25, 0.148720, 99
26, 0.111267, 99
27, 0.089575, 99
28, 0.124320, 99
29, 0.083179, 99
30, 0.150198, 99
31, 0.150667, 99
32, 0.147585, 99
33, 0.110821, 99
34, 0.121321, 99
35, 0.088171, 99
36, 0.094581, 99
37, 0.135167, 99
38, 0.063917, 99
39, 0.034455, 99
40, 0.077536, 99
41, 0.125832, 99
42, 0.153115, 99
43, 0.116129, 99
44, 0.085062, 99
45, 0.084931, 99
46, 0.095922, 99
47, 0.040680, 99
48, 0.123333, 99
49, 0.059209, 99
50, 0.036867, 99
51, 0.006537, 99
52, 0.051710, 99
53, 0.016758, 99
54, 0.123081, 99
55, 0.106234, 99
56, 0.169722, 99
57, 0.114404, 99
58, 0.114383, 99
59, 0.059928, 99
60, 0.179135, 99
61, 0.073498, 99
62, 0.068308, 99
63, 0.103009, 99
64, 0.086853, 99
65, 0.108813, 99
66, 0.055196, 99
67, 0.181606, 99
68, 0.093687, 99
69, 0.087566, 99
70, 0.078586, 99
71, 0.077710, 99
72, 0.092385, 99
73, 0.038208, 99
74, 0.076186, 99
75, 0.168619, 99
76, 0.165332, 99
77, 0.122852, 99
78, 0.094387, 99
79, 0.138198, 99
80, 0.157051, 99
81, 0.092147, 99
82, 0.069438, 99
83, 0.121069, 99
84, 0.052552, 99
85, 0.051695, 99
86, 0.054243, 99
87, 0.074426, 99
88, 0.024406, 99
89, 0.052452, 99
90, 0.149296, 99
91, 0.130744, 99
92, 0.165129, 99
93, 0.146250, 99
94, 0.125557, 99
95, 0.099138, 99
96, 0.078131, 99
97, 0.093886, 99
98, 0.082685, 99
99, 0.112224, 99
100, 0.352680, 99
101, 0.319616, 99
102, 0.396857, 99
103, 0.250771, 99
104, 0.355710, 99
105, 0.365338, 99
106, 0.326600, 99
107, 0.272117, 99
108, 0.346375, 99
109, 0.142569, 99
110, 0.148020, 99
111, 0.136253, 99
112, 0.142371, 99
113, 0.071288, 99
114, 0.080432, 99
115, 0.121167, 99
116, 0.105653, 99
117, 0.147186, 99
118, 0.053539, 99
119, 0.083631, 99
120, 0.113734, 99
121, 0.073196, 99
122, 0.032313, 99
123, 0.119188, 99
124, 0.127892, 99
125, 0.089293, 99
126, 0.121068, 99
127, 0.108996, 99
128, 0.119407, 99
129, 0.118441, 99
130, 0.104895, 99
131, 0.104980, 99
132, 0.066764, 99
133, 0.102552, 99
134, 0.122169, 99
135, 0.142010, 99
1, 0.063515, 99
2, 0.091195, 99
3, 0.093596, 99
4, 0.047214, 99
5, 0.039089, 99
6, 0.052230, 99
7, 0.065377, 99
8, 0.121513, 99
9, 0.101516, 99
10, 0.056869, 99
11, 0.079762, 99
12, 0.070521, 99
13, 0.114411, 99
14, 0.058728, 99
15, 0.089360, 99
16, 0.061022, 99
17, 0.097877, 99
18, 0.065882, 99
19, 0.084743, 99
20, 0.046423, 99
21, 0.123745, 99
22, 0.076637, 99
23, 0.110500, 99
24, 0.108829, 99
25, 0.132153, 99
26, 0.110773, 99
27, 0.084537, 99
28, 0.123570, 99
29, 0.096900, 99
30, 0.147376, 99
31, 0.117214, 99
32, 0.110147, 99
33, 0.097481, 99
34, 0.115578, 99
35, 0.095010, 99
36, 0.078346, 99
37, 0.100379, 99
38, 0.050273, 99
39, 0.053751, 99
40, 0.069101, 99
41, 0.123781, 99
42, 0.121255, 99
43, 0.111591, 99
44, 0.093996, 99
45, 0.082665, 99
46, 0.090037, 99
47, 0.038327, 99
48, 0.104005, 99
49, 0.046734, 99
50, 0.043244, 99
51, 0.016366, 99
52, 0.014924, 99
53, 0.055613, 99
54, 0.126781, 99
55, 0.115753, 99
56, 0.116190, 99
57, 0.077247, 99
58, 0.100832, 99
59, 0.071092, 99
60, 0.140713, 99
61, 0.070885, 99
62, 0.073583, 99
63, 0.089246, 99
64, 0.081895, 99
65, 0.112109, 99
66, 0.083347, 99
67, 0.139008, 99
68, 0.093926, 99
69, 0.074272, 99
70, 0.066188, 99
71, 0.079914, 99
72, 0.063610, 99
73, 0.050182, 99
74, 0.099758, 99
75, 0.137947, 99
76, 0.129511, 99
77, 0.124474, 99
78, 0.103370, 99
79, 0.103436, 99
80, 0.110558, 99
81, 0.075678, 99
82, 0.083931, 99
83, 0.108006, 99
84, 0.039491, 99
85, 0.058807, 99
86, 0.042605, 99
87, 0.066567, 99
88, 0.031482, 99
89, 0.045382, 99
90, 0.117705, 99
91, 0.124031, 99
92, 0.123916, 99
93, 0.105779, 99
94, 0.102917, 99
95, 0.103690, 99
96, 0.092280, 99
97, 0.100063, 99
98, 0.072128, 99
99, 0.126315, 99
100, 0.142628, 99
101, 0.153432, 99
102, 0.155710, 99
103, 0.100213, 99
104, 0.119173, 99
105, 0.134844, 99
106, 0.120517, 99
107, 0.065029, 99
108, 0.127910, 99
109, 0.324161, 99
110, 0.356970, 99
111, 0.343605, 99
112, 0.427847, 99
113, 0.313997, 99
114, 0.163872, 99
115, 0.341936, 99
116, 0.350741, 99
117, 0.321739, 99
118, 0.049403, 99
119, 0.060601, 99
120, 0.100216, 99
121, 0.056154, 99
122, 0.046571, 99
123, 0.098177, 99
124, 0.103281, 99
125, 0.073655, 99
126, 0.110687, 99
127, 0.103946, 99
128, 0.108323, 99
129, 0.110713, 99
130, 0.082124, 99
131, 0.099122, 99
132, 0.046383, 99
133, 0.076615, 99
134, 0.096378, 99
135, 0.109251, 99
1, 0.065177, 99
2, 0.078692, 99
3, 0.066867, 99
4, 0.031079, 99
5, 0.019021, 99
6, 0.027223, 99
7, 0.063899, 99
8, 0.097156, 99
9, 0.092946, 99
10, 0.066678, 99
11, 0.067293, 99
12, 0.073691, 99
13, 0.089260, 99
14, 0.078703, 99
15, 0.075478, 99
16, 0.065972, 99
17, 0.068102, 99
18, 0.062758, 99
19, 0.059731, 99
20, 0.021012, 99
21, 0.091406, 99
22, 0.071716, 99
23, 0.098314, 99
24, 0.074567, 99
25, 0.088372, 99
26, 0.084547, 99
27, 0.055659, 99
28, 0.079000, 99
29, 0.075194, 99
30, 0.100417, 99
31, 0.085774, 99
32, 0.090616, 99
33, 0.054216, 99
34, 0.090792, 99
35, 0.054602, 99
36, 0.063545, 99
37, 0.100750, 99
38, 0.081817, 99
39, 0.044749, 99
40, 0.034512, 99
41, 0.062274, 99
42, 0.090664, 99
43, 0.086595, 99
44, 0.051939, 99
45, 0.056189, 99
46, 0.051534, 99
47, 0.037186, 99
48, 0.064722, 99
49, 0.063703, 99
50, 0.010826, 99
51, 0.019010, 99
52, 0.040977, 99
53, 0.028928, 99
54, 0.079183, 99
55, 0.073863, 99
56, 0.087447, 99
57, 0.084358, 99
58, 0.077672, 99
59, 0.046732, 99
60, 0.099921, 99
61, 0.066993, 99
62, 0.061810, 99
63, 0.081281, 99
64, 0.067115, 99
65, 0.082256, 99
66, 0.060169, 99
67, 0.107871, 99
68, 0.061402, 99
69, 0.058105, 99
70, 0.045655, 99
71, 0.047359, 99
72, 0.049195, 99
73, 0.016145, 99
74, 0.057056, 99
75, 0.094040, 99
76, 0.099371, 99
77, 0.092357, 99
78, 0.076491, 99
79, 0.104361, 99
80, 0.098560, 99
81, 0.090374, 99
82, 0.056381, 99
83, 0.093490, 99
84, 0.039472, 99
85, 0.044845, 99
86, 0.041140, 99
87, 0.066009, 99
88, 0.016377, 99
89, 0.032043, 99
90, 0.091540, 99
91, 0.100684, 99
92, 0.095123, 99
93, 0.105939, 99
94, 0.079465, 99
95, 0.075243, 99
96, 0.050283, 99
97, 0.078025, 99
98, 0.028432, 99
99, 0.078737, 99
100, 0.095046, 99
101, 0.086306, 99
102, 0.110637, 99
103, 0.069204, 99
104, 0.099585, 99
105, 0.109159, 99
106, 0.087312, 99
107, 0.084329, 99
108, 0.091665, 99
109, 0.089149, 99
110, 0.101043, 99
111, 0.072390, 99
112, 0.081493, 99
113, 0.030368, 99
114, 0.062528, 99
115, 0.067471, 99
116, 0.072773, 99
117, 0.094846, 99
118, 0.321249, 99
119, 0.290663, 99
120, 0.304036, 99
121, 0.303088, 99
122, 0.105218, 99
123, 0.226491, 99
124, 0.347565, 99
125, 0.233662, 99
126, 0.205126, 99
127, 0.085274, 99
128, 0.094093, 99
129, 0.087211, 99
130, 0.097921, 99
131, 0.081784, 99
132, 0.068245, 99
133, 0.096538, 99
134, 0.099808, 99
135, 0.101951, 99
1, 0.067292, 99
2, 0.076043, 99
3, 0.068358, 99
4, 0.067122, 99
5, 0.048439, 99
6, 0.045544, 99
7, 0.083790, 99
8, 0.110900, 99
9, 0.106328, 99
10, 0.072329, 99
11, 0.082212, 99
12, 0.077309, 99
13, 0.105338, 99
14, 0.093425, 99
15, 0.102652, 99
16, 0.074069, 99
17, 0.078915, 99
18, 0.075900, 99
19, 0.102276, 99
20, 0.046305, 99
21, 0.113064, 99
22, 0.106710, 99
23, 0.141665, 99
24, 0.092149, 99
25, 0.098962, 99
26, 0.108729, 99
27, 0.074392, 99
28, 0.106040, 99
29, 0.082078, 99
30, 0.107748, 99
31, 0.111319, 99
32, 0.117634, 99
33, 0.072298, 99
34, 0.112879, 99
35, 0.087605, 99
36, 0.071608, 99
37, 0.109465, 99
38, 0.075237, 99
39, 0.048121, 99
40, 0.062348, 99
41, 0.110664, 99
42, 0.116002, 99
43, 0.101680, 99
44, 0.073985, 99
45, 0.088156, 99
46, 0.078147, 99
47, 0.025159, 99
48, 0.080972, 99
49, 0.072967, 99
50, 0.016825, 99
51, 0.051166, 99
52, 0.048565, 99
53, 0.055740, 99
54, 0.091978, 99
55, 0.081146, 99
56, 0.087715, 99
57, 0.097360, 99
58, 0.090809, 99
59, 0.068707, 99
60, 0.136790, 99
61, 0.093348, 99
62, 0.078087, 99
63, 0.113717, 99
64, 0.084788, 99
65, 0.092646, 99
66, 0.075749, 99
67, 0.132221, 99
68, 0.079135, 99
69, 0.085836, 99
70, 0.069312, 99
71, 0.062425, 99
72, 0.062648, 99
73, 0.044339, 99
74, 0.083506, 99
75, 0.108960, 99
76, 0.118678, 99
77, 0.102715, 99
78, 0.116729, 99
79, 0.141631, 99
80, 0.125513, 99
81, 0.075558, 99
82, 0.076722, 99
83, 0.104790, 99
84, 0.042512, 99
85, 0.066786, 99
86, 0.062290, 99
87, 0.080959, 99
88, 0.039269, 99
89, 0.054762, 99
90, 0.085207, 99
91, 0.115397, 99
92, 0.142880, 99
93, 0.116605, 99
94, 0.096307, 99
95, 0.086474, 99
96, 0.103175, 99
97, 0.100846, 99
98, 0.064015, 99
99, 0.087690, 99
100, 0.110554, 99
101, 0.112723, 99
102, 0.132200, 99
103, 0.099023, 99
104, 0.133333, 99
105, 0.134111, 99
106, 0.116784, 99
107, 0.110419, 99
108, 0.116255, 99
109, 0.102142, 99
110, 0.119549, 99
111, 0.103897, 99
112, 0.106125, 99
113, 0.053589, 99
114, 0.069517, 99
115, 0.093743, 99
116, 0.093644, 99
117, 0.105278, 99
118, 0.074752, 99
119, 0.082914, 99
120, 0.105717, 99
121, 0.072539, 99
122, 0.059675, 99
123, 0.099840, 99
124, 0.124383, 99
125, 0.116841, 99
126, 0.088713, 99
127, 0.376925, 99
128, 0.340795, 99
129, 0.322534, 99
130, 0.436439, 99
131, 0.356943, 99
132, 0.354337, 99
133, 0.461270, 99
134, 0.329202, 99
135, 0.340900, 99
