1, 0.327323, 99
2, 0.425550, 99
3, 0.373157, 99
4, 0.518346, 99
5, 0.535727, 99
6, 0.410342, 99
7, 0.252862, 99
8, 0.367288, 99
9, 0.116747, 99
10, 0.052328, 99
11, 0.058738, 99
12, 0.065041, 99
13, 0.082751, 99
14, 0.065116, 99
15, 0.065420, 99
16, 0.054389, 99
17, 0.041691, 99
18, 0.046468, 99
19, 0.061224, 99
20, 0.047016, 99
21, 0.045674, 99
22, 0.058004, 99
23, 0.051339, 99
24, 0.044829, 99
25, 0.046194, 99
26, 0.048762, 99
27, 0.053432, 99
28, 0.059279, 99
29, 0.045044, 99
30, 0.067454, 99
31, 0.080914, 99
32, 0.067734, 99
33, 0.045531, 99
34, 0.060290, 99
35, 0.058930, 99
36, 0.041388, 99
37, 0.079645, 99
38, 0.028878, 99
39, 0.038621, 99
40, 0.034685, 99
41, 0.069959, 99
42, 0.060133, 99
43, 0.051517, 99
44, 0.056927, 99
45, 0.056676, 99
46, 0.045098, 99
47, 0.025590, 99
48, 0.052421, 99
49, 0.033921, 99
50, 0.034518, 99
51, 0.015328, 99
52, 0.036505, 99
53, 0.032128, 99
54, 0.042981, 99
55, 0.037635, 99
56, 0.041567, 99
57, 0.057053, 99
58, 0.036992, 99
59, 0.037922, 99
60, 0.064052, 99
61, 0.069226, 99
62, 0.065350, 99
63, 0.082402, 99
64, 0.052574, 99
65, 0.051085, 99
66, 0.041861, 99
67, 0.073345, 99
68, 0.033772, 99
69, 0.051324, 99
70, 0.050661, 99
71, 0.022293, 99
72, 0.016134, 99
73, 0.028550, 99
74, 0.050829, 99
75, 0.064883, 99
76, 0.045635, 99
77, 0.063415, 99
78, 0.066783, 99
79, 0.086466, 99
80, 0.083797, 99
81, 0.067776, 99
82, 0.086728, 99
83, 0.057393, 99
84, 0.043607, 99
85, 0.044457, 99
86, 0.068307, 99
87, 0.075467, 99
88, 0.035708, 99
89, 0.044548, 99
90, 0.065183, 99
91, 0.055003, 99
92, 0.049320, 99
93, 0.072644, 99
94, 0.066513, 99
95, 0.066902, 99
96, 0.052593, 99
97, 0.058172, 99
98, 0.035380, 99
99, 0.051676, 99
100, 0.063742, 99
101, 0.069093, 99
102, 0.080664, 99
103, 0.067035, 99
104, 0.076430, 99
105, 0.059197, 99
106, 0.062285, 99
107, 0.062027, 99
108, 0.050220, 99
109, 0.040914, 99
110, 0.102351, 99
111, 0.052175, 99
112, 0.065311, 99
113, 0.041760, 99
114, 0.054078, 99
115, 0.053109, 99
116, 0.054664, 99
117, 0.061260, 99
118, 0.045681, 99
119, 0.061100, 99
120, 0.052386, 99
1, 0.046032, 99
2, 0.050267, 99
3, 0.036387, 99
4, 0.027158, 99
5, 0.067417, 99
6, 0.057191, 99
7, 0.067557, 99
8, 0.130526, 99
9, 0.396816, 99
10, 0.262947, 99
11, 0.288776, 99
12, 0.377855, 99
13, 0.341851, 99
14, 0.310745, 99
15, 0.339782, 99
16, 0.237820, 99
17, 0.060139, 99
18, 0.084265, 99
19, 0.089590, 99
20, 0.042620, 99
21, 0.100604, 99
22, 0.053886, 99
23, 0.089293, 99
24, 0.060808, 99
25, 0.084051, 99
26, 0.043900, 99
27, 0.059017, 99
28, 0.073341, 99
29, 0.041887, 99
30, 0.064671, 99
31, 0.077122, 99
32, 0.100592, 99
33, 0.056820, 99
34, 0.101032, 99
35, 0.074158, 99
36, 0.040395, 99
37, 0.091181, 99
38, 0.048982, 99
39, 0.036149, 99
40, 0.025382, 99
41, 0.096302, 99
42, 0.095919, 99
43, 0.080084, 99
44, 0.048016, 99
45, 0.056978, 99
46, 0.049528, 99
47, 0.010603, 99
48, 0.063009, 99
49, 0.054598, 99
50, 0.026911, 99
51, 0.006544, 99
52, 0.030482, 99
53, 0.035175, 99
54, 0.049181, 99
55, 0.048154, 99
56, 0.072063, 99
57, 0.080234, 99
58, 0.060182, 99
59, 0.034516, 99
60, 0.093668, 99
61, 0.062159, 99
62, 0.064684, 99
63, 0.078824, 99
64, 0.052663, 99
65, 0.060643, 99
66, 0.055904, 99
67, 0.094506, 99
68, 0.052392, 99
69, 0.062879, 99
70, 0.045995, 99
71, 0.030376, 99
72, 0.025206, 99
73, 0.034063, 99
74, 0.064367, 99
75, 0.076568, 99
76, 0.102663, 99
77, 0.062509, 99
78, 0.078001, 99
79, 0.103259, 99
80, 0.087264, 99
81, 0.081606, 99
82, 0.078028, 99
83, 0.086681, 99
84, 0.050699, 99
85, 0.064024, 99
86, 0.040567, 99
87, 0.056926, 99
88, 0.045176, 99
89, 0.033402, 99
90, 0.073210, 99
91, 0.054451, 99
92, 0.104646, 99
93, 0.095746, 99
94, 0.052949, 99
95, 0.095502, 99
96, 0.081460, 99
97, 0.094724, 99
98, 0.035450, 99
99, 0.071888, 99
100, 0.094479, 99
101, 0.086532, 99
102, 0.088889, 99
103, 0.068969, 99
104, 0.089419, 99
105, 0.069755, 99
106, 0.054417, 99
107, 0.076886, 99
108, 0.066520, 99
109, 0.085073, 99
110, 0.096290, 99
111, 0.067853, 99
112, 0.082213, 99
113, 0.031697, 99
114, 0.069061, 99
115, 0.060928, 99
116, 0.086463, 99
117, 0.082354, 99
118, 0.079138, 99
119, 0.052226, 99
120, 0.088758, 99
1, 0.063755, 99
2, 0.078570, 99
3, 0.062593, 99
4, 0.043502, 99
5, 0.038122, 99
6, 0.044344, 99
7, 0.103575, 99
8, 0.092641, 99
9, 0.109770, 99
10, 0.066165, 99
11, 0.080479, 99
12, 0.071117, 99
13, 0.096929, 99
14, 0.112856, 99
15, 0.110940, 99
16, 0.064547, 99
17, 0.394957, 99
18, 0.349557, 99
19, 0.344444, 99
20, 0.312203, 99
21, 0.249504, 99
22, 0.416909, 99
23, 0.457932, 99
24, 0.263979, 99
25, 0.101240, 99
26, 0.098952, 99
27, 0.078921, 99
28, 0.126607, 99
29, 0.058975, 99
30, 0.095146, 99
31, 0.114147, 99
32, 0.119000, 99
33, 0.075020, 99
34, 0.115179, 99
35, 0.082317, 99
36, 0.060454, 99
37, 0.105141, 99
38, 0.067109, 99
39, 0.045164, 99
40, 0.063565, 99
41, 0.117866, 99
42, 0.158143, 99
43, 0.114688, 99
44, 0.086954, 99
45, 0.098017, 99
46, 0.092692, 99
47, 0.053592, 99
48, 0.078018, 99
49, 0.060438, 99
50, 0.008787, 99
51, 0.023629, 99
52, 0.046074, 99
53, 0.051957, 99
54, 0.089738, 99
55, 0.079624, 99
56, 0.090552, 99
57, 0.094490, 99
58, 0.095347, 99
59, 0.062890, 99
60, 0.132408, 99
61, 0.068075, 99
62, 0.072201, 99
63, 0.080561, 99
64, 0.059289, 99
65, 0.094716, 99
66, 0.070220, 99
67, 0.122728, 99
68, 0.087436, 99
69, 0.088908, 99
70, 0.075962, 99
71, 0.063369, 99
72, 0.052148, 99
73, 0.047567, 99
74, 0.074849, 99
75, 0.139402, 99
76, 0.118031, 99
77, 0.096192, 99
78, 0.084050, 99
79, 0.119781, 99
80, 0.103737, 99
81, 0.076745, 99
82, 0.058608, 99
83, 0.096511, 99
84, 0.054976, 99
85, 0.077543, 99
86, 0.056883, 99
87, 0.067232, 99
88, 0.042677, 99
89, 0.047280, 99
90, 0.121302, 99
91, 0.142362, 99
92, 0.123409, 99
93, 0.111050, 99
94, 0.089362, 99
95, 0.123429, 99
96, 0.122347, 99
97, 0.096752, 99
98, 0.081734, 99
99, 0.099822, 99
100, 0.123894, 99
101, 0.128477, 99
102, 0.124074, 99
103, 0.098769, 99
104, 0.126628, 99
105, 0.125692, 99
106, 0.105435, 99
107, 0.110078, 99
108, 0.120938, 99
109, 0.104425, 99
110, 0.119201, 99
111, 0.111115, 99
112, 0.100867, 99
113, 0.074802, 99
114, 0.055974, 99
115, 0.096097, 99
116, 0.088827, 99
117, 0.115483, 99
118, 0.072873, 99
119, 0.064646, 99
120, 0.092570, 99
1, 0.061103, 99
2, 0.077216, 99
3, 0.088115, 99
4, 0.032369, 99
5, 0.046635, 99
6, 0.044928, 99
7, 0.085434, 99
8, 0.111416, 99
9, 0.088406, 99
10, 0.075174, 99
11, 0.092885, 99
12, 0.074667, 99
13, 0.125050, 99
14, 0.042250, 99
15, 0.084588, 99
16, 0.058250, 99
17, 0.101576, 99
18, 0.081224, 99
19, 0.074506, 99
20, 0.045635, 99
21, 0.123165, 99
22, 0.077161, 99
23, 0.115532, 99
24, 0.110506, 99
25, 0.307567, 99
26, 0.350232, 99
27, 0.338904, 99
28, 0.381199, 99
29, 0.273936, 99
30, 0.438454, 99
31, 0.316990, 99
32, 0.381024, 99
33, 0.105790, 99
34, 0.108131, 99
35, 0.091983, 99
36, 0.069466, 99
37, 0.093064, 99
38, 0.052982, 99
39, 0.039782, 99
40, 0.076969, 99
41, 0.118498, 99
42, 0.113683, 99
43, 0.098730, 99
44, 0.100846, 99
45, 0.077639, 99
46, 0.097703, 99
47, 0.042222, 99
48, 0.111216, 99
49, 0.043529, 99
50, 0.021069, 99
51, 0.028125, 99
52, 0.044349, 99
53, 0.023926, 99
54, 0.114174, 99
55, 0.100091, 99
56, 0.114515, 99
57, 0.087372, 99
58, 0.095173, 99
59, 0.062084, 99
60, 0.131822, 99
61, 0.071490, 99
62, 0.087036, 99
63, 0.101119, 99
64, 0.074923, 99
65, 0.099990, 99
66, 0.064521, 99
67, 0.137053, 99
68, 0.088815, 99
69, 0.081058, 99
70, 0.067760, 99
71, 0.087965, 99
72, 0.075138, 99
73, 0.066366, 99
74, 0.095376, 99
75, 0.125334, 99
76, 0.115564, 99
77, 0.077769, 99
78, 0.110374, 99
79, 0.125469, 99
80, 0.103957, 99
81, 0.076879, 99
82, 0.077974, 99
83, 0.104595, 99
84, 0.055709, 99
85, 0.056366, 99
86, 0.057000, 99
87, 0.066879, 99
88, 0.042037, 99
89, 0.054745, 99
90, 0.120392, 99
91, 0.119519, 99
92, 0.115180, 99
93, 0.119520, 99
94, 0.090201, 99
95, 0.114642, 99
96, 0.090327, 99
97, 0.099056, 99
98, 0.095740, 99
99, 0.117253, 99
100, 0.146761, 99
101, 0.144538, 99
102, 0.159417, 99
103, 0.095351, 99
104, 0.106418, 99
105, 0.132059, 99
106, 0.079765, 99
107, 0.080774, 99
108, 0.124406, 99
109, 0.110234, 99
110, 0.115699, 99
111, 0.121601, 99
112, 0.136529, 99
113, 0.093210, 99
114, 0.083940, 99
115, 0.106173, 99
116, 0.139339, 99
117, 0.116738, 99
118, 0.047428, 99
119, 0.065747, 99
120, 0.087392, 99
1, 0.048387, 99
2, 0.043047, 99
3, 0.067689, 99
4, 0.027796, 99
5, 0.029901, 99
6, 0.023684, 99
7, 0.056832, 99
8, 0.065198, 99
9, 0.065053, 99
10, 0.065096, 99
11, 0.067115, 99
12, 0.060817, 99
13, 0.071857, 99
14, 0.046048, 99
15, 0.053612, 99
16, 0.063730, 99
17, 0.049329, 99
18, 0.036594, 99
19, 0.051617, 99
20, 0.019873, 99
21, 0.071711, 99
22, 0.064717, 99
23, 0.065811, 99
24, 0.059035, 99
25, 0.070922, 99
26, 0.066516, 99
27, 0.056997, 99
28, 0.077918, 99
29, 0.058564, 99
30, 0.074264, 99
31, 0.034930, 99
32, 0.092146, 99
33, 0.332282, 99
34, 0.442633, 99
35, 0.367669, 99
36, 0.247489, 99
37, 0.386984, 99
38, 0.320752, 99
39, 0.230044, 99
40, 0.196508, 99
41, 0.061860, 99
42, 0.075038, 99
43, 0.058288, 99
44, 0.052986, 99
45, 0.067904, 99
46, 0.051553, 99
47, 0.016913, 99
48, 0.052586, 99
49, 0.047393, 99
50, 0.021029, 99
51, 0.001595, 99
52, 0.022929, 99
53, 0.028665, 99
54, 0.071694, 99
55, 0.059079, 99
56, 0.073488, 99
57, 0.072499, 99
58, 0.066044, 99
59, 0.049032, 99
60, 0.090612, 99
61, 0.046238, 99
62, 0.062446, 99
63, 0.075462, 99
64, 0.050463, 99
65, 0.087772, 99
66, 0.051759, 99
67, 0.078259, 99
68, 0.068281, 99
69, 0.049458, 99
70, 0.036341, 99
71, 0.035450, 99
72, 0.008121, 99
73, 0.036940, 99
74, 0.064141, 99
75, 0.080429, 99
76, 0.085003, 99
77, 0.066629, 99
78, 0.069460, 99
79, 0.087453, 99
80, 0.089687, 99
81, 0.063247, 99
82, 0.065430, 99
83, 0.049040, 99
84, 0.037093, 99
85, 0.041389, 99
86, 0.022314, 99
87, 0.056986, 99
88, 0.012755, 99
89, 0.038872, 99
90, 0.041749, 99
91, 0.064387, 99
92, 0.103680, 99
93, 0.091480, 99
94, 0.067897, 99
95, 0.065682, 99
96, 0.045223, 99
97, 0.045252, 99
98, 0.045960, 99
99, 0.082509, 99
100, 0.065504, 99
101, 0.063283, 99
102, 0.096674, 99
103, 0.045328, 99
104, 0.073843, 99
105, 0.093304, 99
106, 0.048321, 99
107, 0.056297, 99
108, 0.078182, 99
109, 0.079413, 99
110, 0.057680, 99
111, 0.063462, 99
112, 0.073976, 99
113, 0.053757, 99
114, 0.061577, 99
115, 0.066601, 99
116, 0.062599, 99
117, 0.083692, 99
118, 0.062276, 99
119, 0.073843, 99
120, 0.076724, 99
1, 0.041682, 99
2, 0.060703, 99
3, 0.054391, 99
4, 0.028714, 99
5, 0.022666, 99
6, 0.043760, 99
7, 0.076029, 99
8, 0.080353, 99
9, 0.085176, 99
10, 0.060140, 99
11, 0.066998, 99
12, 0.062921, 99
13, 0.100307, 99
14, 0.064975, 99
15, 0.081308, 99
16, 0.058424, 99
17, 0.065877, 99
18, 0.057151, 99
19, 0.085127, 99
20, 0.046509, 99
21, 0.108924, 99
22, 0.087711, 99
23, 0.130157, 99
24, 0.100181, 99
25, 0.092176, 99
26, 0.064939, 99
27, 0.054512, 99
28, 0.101882, 99
29, 0.048281, 99
30, 0.120420, 99
31, 0.097855, 99
32, 0.098900, 99
33, 0.074762, 99
34, 0.099669, 99
35, 0.067438, 99
36, 0.080641, 99
37, 0.091974, 99
38, 0.044346, 99
39, 0.032767, 99
40, 0.067518, 99
41, 0.377712, 99
42, 0.396576, 99
43, 0.351836, 99
44, 0.362626, 99
45, 0.406679, 99
46, 0.275424, 99
47, 0.171731, 99
48, 0.223137, 99
49, 0.032914, 99
50, 0.027736, 99
51, 0.012604, 99
52, 0.034206, 99
53, 0.036852, 99
54, 0.099987, 99
55, 0.091853, 99
56, 0.081088, 99
57, 0.073176, 99
58, 0.070950, 99
59, 0.047300, 99
60, 0.099396, 99
61, 0.062065, 99
62, 0.063841, 99
63, 0.067332, 99
64, 0.066644, 99
65, 0.091748, 99
66, 0.058794, 99
67, 0.105875, 99
68, 0.078705, 99
69, 0.071439, 99
70, 0.059332, 99
71, 0.060486, 99
72, 0.068954, 99
73, 0.028969, 99
74, 0.049931, 99
75, 0.120522, 99
76, 0.126294, 99
77, 0.093912, 99
78, 0.086069, 99
79, 0.079304, 99
80, 0.089850, 99
81, 0.061111, 99
82, 0.070393, 99
83, 0.077237, 99
84, 0.039388, 99
85, 0.052142, 99
86, 0.032767, 99
87, 0.048537, 99
88, 0.034306, 99
89, 0.046942, 99
90, 0.137919, 99
91, 0.122795, 99
92, 0.095477, 99
93, 0.111740, 99
94, 0.089810, 99
95, 0.108353, 99
96, 0.108332, 99
97, 0.073793, 99
98, 0.097668, 99
99, 0.103889, 99
100, 0.086180, 99
101, 0.098776, 99
102, 0.135329, 99
103, 0.093368, 99
104, 0.118360, 99
105, 0.129001, 99
106, 0.104995, 99
107, 0.071919, 99
108, 0.118116, 99
109, 0.082288, 99
110, 0.104241, 99
111, 0.115272, 99
112, 0.117809, 99
113, 0.076110, 99
114, 0.065476, 99
115, 0.099679, 99
116, 0.113826, 99
117, 0.077834, 99
118, 0.035840, 99
119, 0.045948, 99
120, 0.062630, 99
1, 0.045699, 99
2, 0.045990, 99
3, 0.043417, 99
4, 0.006028, 99
5, 0.023785, 99
6, 0.024529, 99
7, 0.018761, 99
8, 0.062287, 99
9, 0.051980, 99
10, 0.027515, 99
11, 0.034312, 99
12, 0.037193, 99
13, 0.050143, 99
14, 0.032351, 99
15, 0.038871, 99
16, 0.012928, 99
17, 0.046040, 99
18, 0.030777, 99
19, 0.037154, 99
20, 0.043307, 99
21, 0.069706, 99
22, 0.021914, 99
23, 0.045441, 99
24, 0.052972, 99
25, 0.088413, 99
26, 0.065222, 99
27, 0.036559, 99
28, 0.065117, 99
29, 0.040330, 99
30, 0.051961, 99
31, 0.059716, 99
32, 0.070729, 99
33, 0.042232, 99
34, 0.047801, 99
35, 0.032442, 99
36, 0.042006, 99
37, 0.054557, 99
38, 0.041477, 99
39, 0.023313, 99
40, 0.055661, 99
41, 0.070444, 99
42, 0.055073, 99
43, 0.036143, 99
44, 0.042344, 99
45, 0.030531, 99
46, 0.066109, 99
47, 0.035278, 99
48, 0.063023, 99
49, 0.220508, 99
50, 0.185547, 99
51, 0.394049, 99
52, 0.242519, 99
53, 0.406403, 99
54, 0.500647, 99
55, 0.496849, 99
56, 0.251074, 99
57, 0.043033, 99
58, 0.071962, 99
59, 0.050029, 99
60, 0.063927, 99
61, 0.027938, 99
62, 0.037489, 99
63, 0.049042, 99
64, 0.039427, 99
65, 0.055275, 99
66, 0.042867, 99
67, 0.073936, 99
68, 0.050255, 99
69, 0.013083, 99
70, 0.011155, 99
71, 0.048484, 99
72, 0.042485, 99
73, 0.018037, 99
74, 0.041535, 99
75, 0.062185, 99
76, 0.067117, 99
77, 0.058698, 99
78, 0.064703, 99
79, 0.049513, 99
80, 0.058873, 99
81, 0.054732, 99
82, 0.036944, 99
83, 0.040584, 99
84, 0.004009, 99
85, 0.061441, 99
86, 0.042105, 99
87, 0.024365, 99
88, 0.016741, 99
89, 0.029222, 99
90, 0.074893, 99
91, 0.052554, 99
92, 0.060283, 99
93, 0.058187, 99
94, 0.041521, 99
95, 0.096844, 99
96, 0.039467, 99
97, 0.053281, 99
98, 0.025108, 99
99, 0.042289, 99
100, 0.031479, 99
101, 0.075050, 99
102, 0.080253, 99
103, 0.065091, 99
104, 0.049698, 99
105, 0.060320, 99
106, 0.068481, 99
107, 0.041726, 99
108, 0.072167, 99
109, 0.068441, 99
110, 0.051739, 99
111, 0.068558, 99
112, 0.077812, 99
113, 0.050931, 99
114, 0.046825, 99
115, 0.070522, 99
116, 0.081289, 99
117, 0.045621, 99
118, 0.039193, 99
119, 0.025543, 99
120, 0.048692, 99
1, 0.051991, 99
2, 0.075963, 99
3, 0.070092, 99
4, 0.018371, 99
5, 0.041738, 99
6, 0.042421, 99
7, 0.055577, 99
8, 0.060088, 99
9, 0.088728, 99
10, 0.061184, 99
11, 0.055777, 99
12, 0.076932, 99
13, 0.067007, 99
14, 0.061365, 99
15, 0.068407, 99
16, 0.062125, 99
17, 0.067783, 99
18, 0.045874, 99
19, 0.051009, 99
20, 0.037371, 99
21, 0.112241, 99
22, 0.068124, 99
23, 0.092402, 99
24, 0.081625, 99
25, 0.087166, 99
26, 0.079182, 99
27, 0.071809, 99
28, 0.076307, 99
29, 0.062858, 99
30, 0.093631, 99
31, 0.081049, 99
32, 0.100563, 99
33, 0.049636, 99
34, 0.089740, 99
35, 0.069536, 99
36, 0.071866, 99
37, 0.080324, 99
38, 0.058656, 99
39, 0.040116, 99
40, 0.056917, 99
41, 0.091407, 99
42, 0.098938, 99
43, 0.081402, 99
44, 0.054386, 99
45, 0.047727, 99
46, 0.045975, 99
47, 0.013668, 99
48, 0.078837, 99
49, 0.060957, 99
50, 0.010009, 99
51, 0.001016, 99
52, 0.024859, 99
53, 0.026571, 99
54, 0.087206, 99
55, 0.069014, 99
56, 0.076324, 99
57, 0.180950, 99
58, 0.298938, 99
59, 0.194706, 99
60, 0.432107, 99
61, 0.460771, 99
62, 0.399629, 99
63, 0.300423, 99
64, 0.354517, 99
65, 0.084036, 99
66, 0.066076, 99
67, 0.105107, 99
68, 0.061684, 99
69, 0.065772, 99
70, 0.056022, 99
71, 0.040164, 99
72, 0.052759, 99
73, 0.042293, 99
74, 0.059627, 99
75, 0.073510, 99
76, 0.093246, 99
77, 0.079001, 99
78, 0.094399, 99
79, 0.111885, 99
80, 0.086014, 99
81, 0.064225, 99
82, 0.047107, 99
83, 0.084170, 99
84, 0.044523, 99
85, 0.044610, 99
86, 0.045578, 99
87, 0.028351, 99
88, 0.021674, 99
89, 0.038024, 99
90, 0.095544, 99
91, 0.082017, 99
92, 0.084905, 99
93, 0.092656, 99
94, 0.079187, 99
95, 0.074192, 99
96, 0.047457, 99
97, 0.068489, 99
98, 0.044941, 99
99, 0.088751, 99
100, 0.101454, 99
101, 0.100229, 99
102, 0.097134, 99
103, 0.062617, 99
104, 0.085517, 99
105, 0.092059, 99
106, 0.063533, 99
107, 0.066268, 99
108, 0.077789, 99
109, 0.105536, 99
110, 0.089479, 99
111, 0.083200, 99
112, 0.084606, 99
113, 0.047280, 99
114, 0.055415, 99
115, 0.079147, 99
116, 0.080097, 99
117, 0.071944, 99
118, 0.054944, 99
119, 0.049426, 99
120, 0.071616, 99
1, 0.041932, 99
2, 0.059888, 99
3, 0.043561, 99
4, 0.040022, 99
5, 0.029593, 99
6, 0.029068, 99
7, 0.038136, 99
8, 0.069788, 99
9, 0.060866, 99
10, 0.047719, 99
11, 0.041275, 99
12, 0.036197, 99
13, 0.092476, 99
14, 0.057620, 99
15, 0.064715, 99
16, 0.031492, 99
17, 0.072276, 99
18, 0.043123, 99
19, 0.061069, 99
20, 0.029655, 99
21, 0.078891, 99
22, 0.048760, 99
23, 0.091547, 99
24, 0.074596, 99
25, 0.095305, 99
26, 0.081002, 99
27, 0.068575, 99
28, 0.084656, 99
29, 0.058409, 99
30, 0.081431, 99
31, 0.068191, 99
32, 0.065611, 99
33, 0.068652, 99
34, 0.072635, 99
35, 0.051445, 99
36, 0.065782, 99
37, 0.076733, 99
38, 0.051039, 99
39, 0.032786, 99
40, 0.065010, 99
41, 0.079165, 99
42, 0.093409, 99
43, 0.061890, 99
44, 0.071206, 99
45, 0.045452, 99
46, 0.057876, 99
47, 0.049358, 99
48, 0.074047, 99
49, 0.032898, 99
50, 0.015628, 99
51, 0.020074, 99
52, 0.014545, 99
53, 0.011103, 99
54, 0.070261, 99
55, 0.078658, 99
56, 0.079633, 99
57, 0.069467, 99
58, 0.070663, 99
59, 0.044774, 99
60, 0.110257, 99
61, 0.054926, 99
62, 0.042651, 99
63, 0.072263, 99
64, 0.064513, 99
65, 0.307826, 99
66, 0.244941, 99
67, 0.409448, 99
68, 0.252083, 99
69, 0.359738, 99
70, 0.302911, 99
71, 0.340281, 99
72, 0.291420, 99
73, 0.040745, 99
74, 0.066233, 99
75, 0.093645, 99
76, 0.085382, 99
77, 0.068376, 99
78, 0.086103, 99
79, 0.093093, 99
80, 0.090247, 99
81, 0.053521, 99
82, 0.071073, 99
83, 0.088988, 99
84, 0.021421, 99
85, 0.043502, 99
86, 0.033372, 99
87, 0.068125, 99
88, 0.023313, 99
89, 0.027610, 99
90, 0.103179, 99
91, 0.082666, 99
92, 0.107392, 99
93, 0.106921, 99
94, 0.068695, 99
95, 0.055700, 99
96, 0.070591, 99
97, 0.053344, 99
98, 0.062699, 99
99, 0.088134, 99
100, 0.086946, 99
101, 0.087869, 99
102, 0.100476, 99
103, 0.080696, 99
104, 0.076425, 99
105, 0.095218, 99
106, 0.095177, 99
107, 0.045532, 99
108, 0.082036, 99
109, 0.078406, 99
110, 0.082896, 99
111, 0.082643, 99
112, 0.094568, 99
113, 0.071239, 99
114, 0.056531, 99
115, 0.066071, 99
116, 0.061355, 99
117, 0.084650, 99
118, 0.035024, 99
119, 0.046002, 99
120, 0.066349, 99
1, 0.051160, 99
2, 0.078153, 99
3, 0.086582, 99
4, 0.053566, 99
5, 0.021155, 99
6, 0.038787, 99
7, 0.069995, 99
8, 0.098947, 99
9, 0.125921, 99
10, 0.054111, 99
11, 0.074237, 99
12, 0.048615, 99
13, 0.117516, 99
14, 0.066626, 99
15, 0.092142, 99
16, 0.064320, 99
17, 0.096498, 99
18, 0.050791, 99
19, 0.076127, 99
20, 0.023970, 99
21, 0.124202, 99
22, 0.087232, 99
23, 0.129451, 99
24, 0.110284, 99
25, 0.123145, 99
26, 0.106422, 99
27, 0.072676, 99
28, 0.093438, 99
29, 0.064195, 99
30, 0.114174, 99
31, 0.119056, 99
32, 0.125133, 99
33, 0.092279, 99
34, 0.138328, 99
35, 0.078397, 99
36, 0.085463, 99
37, 0.097433, 99
38, 0.054261, 99
39, 0.037231, 99
40, 0.071329, 99
41, 0.105853, 99
42, 0.139790, 99
43, 0.083735, 99
44, 0.075640, 99
45, 0.077146, 99
46, 0.096456, 99
47, 0.033245, 99
48, 0.083313, 99
49, 0.045917, 99
50, 0.012595, 99
51, 0.019846, 99
52, 0.047723, 99
53, 0.051729, 99
54, 0.102980, 99
55, 0.082166, 99
56, 0.108040, 99
57, 0.097854, 99
58, 0.095326, 99
59, 0.060242, 99
60, 0.147287, 99
61, 0.076682, 99
62, 0.085932, 99
63, 0.092639, 99
64, 0.085309, 99
65, 0.111906, 99
66, 0.066600, 99
67, 0.142714, 99
68, 0.069673, 99
69, 0.072751, 99
70, 0.068116, 99
71, 0.075752, 99
72, 0.047107, 99
73, 0.178515, 99
74, 0.196600, 99
75, 0.411805, 99
76, 0.386255, 99
77, 0.277719, 99
78, 0.425443, 99
79, 0.396055, 99
80, 0.313397, 99
81, 0.084971, 99
82, 0.079333, 99
83, 0.121853, 99
84, 0.034201, 99
85, 0.049565, 99
86, 0.049574, 99
87, 0.055508, 99
88, 0.035708, 99
89, 0.041026, 99
90, 0.116041, 99
91, 0.098466, 99
92, 0.098367, 99
93, 0.132878, 99
94, 0.086535, 99
95, 0.091209, 99
96, 0.078525, 99
97, 0.088716, 99
98, 0.070985, 99
99, 0.099535, 99
100, 0.123648, 99
101, 0.134195, 99
102, 0.135529, 99
103, 0.079644, 99
104, 0.127218, 99
105, 0.132452, 99
106, 0.126905, 99
107, 0.093201, 99
108, 0.133694, 99
109, 0.117888, 99
110, 0.134646, 99
111, 0.120458, 99
112, 0.102668, 99
113, 0.066512, 99
114, 0.084932, 99
115, 0.099700, 99
116, 0.114780, 99
117, 0.118664, 99
118, 0.050904, 99
119, 0.062075, 99
120, 0.097939, 99
1, 0.047043, 99
2, 0.058286, 99
3, 0.057678, 99
4, 0.024028, 99
5, 0.050883, 99
6, 0.056633, 99
7, 0.071762, 99
8, 0.068352, 99
9, 0.070304, 99
10, 0.100428, 99
11, 0.055235, 99
12, 0.072924, 99
13, 0.065303, 99
14, 0.072331, 99
15, 0.057311, 99
16, 0.054934, 99
17, 0.049757, 99
18, 0.054239, 99
19, 0.050128, 99
20, 0.044921, 99
21, 0.066614, 99
22, 0.053300, 99
23, 0.054005, 99
24, 0.040377, 99
25, 0.065505, 99
26, 0.060770, 99
27, 0.043402, 99
28, 0.043669, 99
29, 0.054013, 99
30, 0.076569, 99
31, 0.073352, 99
32, 0.080482, 99
33, 0.045519, 99
34, 0.078400, 99
35, 0.051778, 99
36, 0.053765, 99
37, 0.078322, 99
38, 0.057845, 99
39, 0.013474, 99
40, 0.026033, 99
41, 0.063709, 99
42, 0.074854, 99
43, 0.060535, 99
44, 0.045236, 99
45, 0.065717, 99
46, 0.043464, 99
47, 0.037220, 99
48, 0.066014, 99
49, 0.071530, 99
50, 0.053171, 99
51, 0.026409, 99
52, 0.047536, 99
53, 0.043107, 99
54, 0.055416, 99
55, 0.050211, 99
56, 0.044565, 99
57, 0.085002, 99
58, 0.045113, 99
59, 0.036561, 99
60, 0.078878, 99
61, 0.055817, 99
62, 0.053579, 99
63, 0.058269, 99
64, 0.039280, 99
65, 0.073605, 99
66, 0.036003, 99
67, 0.079732, 99
68, 0.051009, 99
69, 0.045665, 99
70, 0.049850, 99
71, 0.028620, 99
72, 0.028891, 99
73, 0.031529, 99
74, 0.055352, 99
75, 0.078922, 99
76, 0.087925, 99
77, 0.080118, 99
78, 0.074267, 99
79, 0.081142, 99
80, 0.070060, 99
81, 0.581608, 99
82, 0.311614, 99
83, 0.296002, 99
84, 0.325735, 99
85, 0.273538, 99
86, 0.257570, 99
87, 0.282015, 99
88, 0.158836, 99
89, 0.060830, 99
90, 0.069425, 99
91, 0.065296, 99
92, 0.097382, 99
93, 0.087962, 99
94, 0.070522, 99
95, 0.054476, 99
96, 0.048179, 99
97, 0.051769, 99
98, 0.032806, 99
99, 0.047876, 99
100, 0.054246, 99
101, 0.066444, 99
102, 0.069500, 99
103, 0.044494, 99
104, 0.070260, 99
105, 0.084028, 99
106, 0.077032, 99
107, 0.059711, 99
108, 0.063456, 99
109, 0.074493, 99
110, 0.101209, 99
111, 0.069719, 99
112, 0.055643, 99
113, 0.032002, 99
114, 0.028621, 99
115, 0.058718, 99
116, 0.043403, 99
117, 0.078420, 99
118, 0.051127, 99
119, 0.061814, 99
120, 0.063860, 99
1, 0.066997, 99
2, 0.065810, 99
3, 0.071338, 99
4, 0.029445, 99
5, 0.026233, 99
6, 0.029687, 99
7, 0.079109, 99
8, 0.102009, 99
9, 0.102841, 99
10, 0.070290, 99
11, 0.089263, 99
12, 0.076250, 99
13, 0.095861, 99
14, 0.104880, 99
15, 0.095486, 99
16, 0.073951, 99
17, 0.126658, 99
18, 0.087780, 99
19, 0.108745, 99
20, 0.066492, 99
21, 0.131967, 99
22, 0.091611, 99
23, 0.120017, 99
24, 0.089672, 99
25, 0.120482, 99
26, 0.112730, 99
27, 0.082180, 99
28, 0.112236, 99
29, 0.077578, 99
30, 0.116366, 99
31, 0.121877, 99
32, 0.125220, 99
33, 0.088917, 99
34, 0.105295, 99
35, 0.091264, 99
36, 0.075057, 99
37, 0.119499, 99
38, 0.068045, 99
39, 0.047197, 99
40, 0.065366, 99
41, 0.152284, 99
42, 0.133889, 99
43, 0.113238, 99
44, 0.082074, 99
45, 0.095621, 99
46, 0.083169, 99
47, 0.055108, 99
48, 0.100423, 99
49, 0.046817, 99
50, 0.040663, 99
51, 0.034728, 99
52, 0.039380, 99
53, 0.031596, 99
54, 0.121776, 99
55, 0.122151, 99
56, 0.108317, 99
57, 0.101110, 99
58, 0.102408, 99
59, 0.050662, 99
60, 0.146976, 99
61, 0.056789, 99
62, 0.059642, 99
63, 0.101812, 99
64, 0.095640, 99
65, 0.108073, 99
66, 0.080300, 99
67, 0.140232, 99
68, 0.089013, 99
69, 0.078813, 99
70, 0.061047, 99
71, 0.065202, 99
72, 0.064105, 99
73, 0.041448, 99
74, 0.070265, 99
75, 0.145137, 99
76, 0.129827, 99
77, 0.102970, 99
78, 0.108145, 99
79, 0.100233, 99
80, 0.107723, 99
81, 0.093397, 99
82, 0.062021, 99
83, 0.100683, 99
84, 0.049201, 99
85, 0.071831, 99
86, 0.049002, 99
87, 0.074782, 99
88, 0.032067, 99
89, 0.137837, 99
90, 0.518867, 99
91, 0.468322, 99
92, 0.359038, 99
93, 0.333300, 99
94, 0.350022, 99
95, 0.335810, 99
96, 0.328436, 99
97, 0.105179, 99
98, 0.085532, 99
99, 0.091341, 99
100, 0.128557, 99
101, 0.134537, 99
102, 0.137307, 99
103, 0.103583, 99
104, 0.119697, 99
105, 0.141863, 99
106, 0.115974, 99
107, 0.090094, 99
108, 0.159631, 99
109, 0.126876, 99
110, 0.124970, 99
111, 0.127617, 99
112, 0.107159, 99
113, 0.074897, 99
114, 0.075326, 99
115, 0.100730, 99
116, 0.118107, 99
117, 0.106328, 99
118, 0.070308, 99
119, 0.080096, 99
120, 0.126657, 99
1, 0.053303, 99
2, 0.072043, 99
3, 0.056756, 99
4, 0.033436, 99
5, 0.025976, 99
6, 0.041804, 99
7, 0.073532, 99
8, 0.116518, 99
9, 0.103905, 99
10, 0.061280, 99
11, 0.066754, 99
12, 0.064307, 99
13, 0.108774, 99
14, 0.066456, 99
15, 0.096304, 99
16, 0.062748, 99
17, 0.088300, 99
18, 0.061810, 99
19, 0.094848, 99
20, 0.035062, 99
21, 0.128949, 99
22, 0.073673, 99
23, 0.115439, 99
24, 0.090910, 99
25, 0.099700, 99
26, 0.075831, 99
27, 0.101345, 99
28, 0.116483, 99
29, 0.089314, 99
30, 0.127015, 99
31, 0.113070, 99
32, 0.117703, 99
33, 0.098820, 99
34, 0.109840, 99
35, 0.077020, 99
36, 0.064931, 99
37, 0.091724, 99
38, 0.047732, 99
39, 0.033191, 99
40, 0.071362, 99
41, 0.113710, 99
42, 0.139848, 99
43, 0.105948, 99
44, 0.094758, 99
45, 0.071709, 99
46, 0.090292, 99
47, 0.025850, 99
48, 0.096648, 99
49, 0.039997, 99
50, 0.029306, 99
51, 0.002671, 99
52, 0.039139, 99
53, 0.011012, 99
54, 0.095118, 99
55, 0.086468, 99
56, 0.138660, 99
57, 0.084864, 99
58, 0.085553, 99
59, 0.056431, 99
60, 0.155330, 99
61, 0.055727, 99
62, 0.055249, 99
63, 0.079100, 99
64, 0.069215, 99
65, 0.096588, 99
66, 0.049721, 99
67, 0.126465, 99
68, 0.085436, 99
69, 0.080659, 99
70, 0.069425, 99
71, 0.071832, 99
72, 0.066956, 99
73, 0.053341, 99
74, 0.053795, 99
75, 0.125283, 99
76, 0.141594, 99
77, 0.124106, 99
78, 0.060426, 99
79, 0.111713, 99
80, 0.110821, 99
81, 0.061572, 99
82, 0.061546, 99
83, 0.093541, 99
84, 0.040793, 99
85, 0.035454, 99
86, 0.040355, 99
87, 0.047651, 99
88, 0.026094, 99
89, 0.053233, 99
90, 0.118023, 99
91, 0.124393, 99
92, 0.131186, 99
93, 0.116527, 99
94, 0.091033, 99
95, 0.116339, 99
96, 0.073176, 99
97, 0.243904, 99
98, 0.341942, 99
99, 0.353030, 99
100, 0.408165, 99
101, 0.394378, 99
102, 0.453897, 99
103, 0.359893, 99
104, 0.254628, 99
105, 0.118636, 99
106, 0.120816, 99
107, 0.081310, 99
108, 0.101022, 99
109, 0.095590, 99
110, 0.113809, 99
111, 0.126562, 99
112, 0.129621, 99
113, 0.080184, 99
114, 0.099090, 99
115, 0.118705, 99
116, 0.096436, 99
117, 0.151631, 99
118, 0.047531, 99
119, 0.063111, 99
120, 0.090411, 99
1, 0.075483, 99
2, 0.097580, 99
3, 0.100001, 99
4, 0.051679, 99
5, 0.034549, 99
6, 0.044713, 99
7, 0.094157, 99
8, 0.113746, 99
9, 0.119844, 99
10, 0.073916, 99
11, 0.063340, 99
12, 0.067306, 99
13, 0.114265, 99
14, 0.065941, 99
15, 0.098137, 99
16, 0.064752, 99
17, 0.088101, 99
18, 0.075562, 99
19, 0.066459, 99
20, 0.049428, 99
21, 0.139645, 99
22, 0.095986, 99
23, 0.126965, 99
24, 0.116162, 99
25, 0.146900, 99
26, 0.119811, 99
27, 0.077791, 99
28, 0.132532, 99
29, 0.070844, 99
30, 0.158341, 99
31, 0.136896, 99
32, 0.129111, 99
33, 0.091812, 99
34, 0.124759, 99
35, 0.083369, 99
36, 0.094779, 99
37, 0.145257, 99
38, 0.072028, 99
39, 0.053473, 99
40, 0.083438, 99
41, 0.127727, 99
42, 0.143877, 99
43, 0.115045, 99
44, 0.091339, 99
45, 0.085009, 99
46, 0.092150, 99
47, 0.046014, 99
48, 0.117355, 99
49, 0.070024, 99
50, 0.030921, 99
51, 0.012158, 99
52, 0.034030, 99
53, 0.040984, 99
54, 0.144978, 99
55, 0.123931, 99
56, 0.148435, 99
57, 0.119372, 99
58, 0.114840, 99
59, 0.060582, 99
60, 0.165093, 99
61, 0.075954, 99
62, 0.064038, 99
63, 0.110481, 99
64, 0.095358, 99
65, 0.126912, 99
66, 0.075706, 99
67, 0.181422, 99
68, 0.078875, 99
69, 0.066893, 99
70, 0.063137, 99
71, 0.074375, 99
72, 0.093228, 99
73, 0.047278, 99
74, 0.086751, 99
75, 0.153755, 99
76, 0.157062, 99
77, 0.119380, 99
78, 0.101900, 99
79, 0.127678, 99
80, 0.163464, 99
81, 0.107356, 99
82, 0.080170, 99
83, 0.126065, 99
84, 0.055822, 99
85, 0.063001, 99
86, 0.052374, 99
87, 0.074586, 99
88, 0.033186, 99
89, 0.039245, 99
90, 0.155421, 99
91, 0.127727, 99
92, 0.160084, 99
93, 0.146552, 99
94, 0.128830, 99
95, 0.094023, 99
96, 0.096484, 99
97, 0.090585, 99
98, 0.062612, 99
99, 0.112465, 99
100, 0.152264, 99
101, 0.136602, 99
102, 0.158350, 99
103, 0.097107, 99
104, 0.169907, 99
105, 0.402834, 99
106, 0.337215, 99
107, 0.308708, 99
108, 0.394171, 99
109, 0.348640, 99
110, 0.390622, 99
111, 0.333030, 99
112, 0.376428, 99
113, 0.088260, 99
114, 0.062009, 99
115, 0.115561, 99
116, 0.112238, 99
117, 0.132874, 99
118, 0.061346, 99
119, 0.078791, 99
120, 0.120141, 99
1, 0.034448, 99
2, 0.071170, 99
3, 0.072936, 99
4, 0.035523, 99
5, 0.030097, 99
6, 0.048945, 99
7, 0.045957, 99
8, 0.113355, 99
9, 0.065231, 99
10, 0.034661, 99
11, 0.077951, 99
12, 0.070330, 99
13, 0.072224, 99
14, 0.061316, 99
15, 0.072933, 99
16, 0.056849, 99
17, 0.095663, 99
18, 0.049227, 99
19, 0.048740, 99
20, 0.023802, 99
21, 0.085220, 99
22, 0.065588, 99
23, 0.090280, 99
24, 0.080674, 99
25, 0.081673, 99
26, 0.098326, 99
27, 0.060772, 99
28, 0.092160, 99
29, 0.066471, 99
30, 0.105205, 99
31, 0.092233, 99
32, 0.102019, 99
33, 0.072912, 99
34, 0.107752, 99
35, 0.079615, 99
36, 0.045462, 99
37, 0.092958, 99
38, 0.082898, 99
39, 0.027285, 99
40, 0.048970, 99
41, 0.090361, 99
42, 0.088077, 99
43, 0.082179, 99
44, 0.070032, 99
45, 0.065139, 99
46, 0.050558, 99
47, 0.028416, 99
48, 0.085782, 99
49, 0.037364, 99
50, 0.038875, 99
51, 0.013259, 99
52, 0.025434, 99
53, 0.038034, 99
54, 0.097713, 99
55, 0.089662, 99
56, 0.093926, 99
57, 0.073261, 99
58, 0.056259, 99
59, 0.056453, 99
60, 0.104743, 99
61, 0.057511, 99
62, 0.072349, 99
63, 0.080849, 99
64, 0.077607, 99
65, 0.057356, 99
66, 0.045574, 99
67, 0.110160, 99
68, 0.079435, 99
69, 0.048188, 99
70, 0.049358, 99
71, 0.066889, 99
72, 0.023070, 99
73, 0.026153, 99
74, 0.046891, 99
75, 0.129221, 99
76, 0.096827, 99
77, 0.097938, 99
78, 0.088528, 99
79, 0.077207, 99
80, 0.081565, 99
81, 0.048303, 99
82, 0.057953, 99
83, 0.085265, 99
84, 0.030971, 99
85, 0.041828, 99
86, 0.028829, 99
87, 0.036105, 99
88, 0.029561, 99
89, 0.038945, 99
90, 0.095812, 99
91, 0.112350, 99
92, 0.090705, 99
93, 0.106111, 99
94, 0.087539, 99
95, 0.062021, 99
96, 0.070502, 99
97, 0.084993, 99
98, 0.038684, 99
99, 0.094737, 99
100, 0.094401, 99
101, 0.118159, 99
102, 0.101893, 99
103, 0.075164, 99
104, 0.101551, 99
105, 0.078924, 99
106, 0.059893, 99
107, 0.059733, 99
108, 0.095439, 99
109, 0.103150, 99
110, 0.107665, 99
111, 0.101790, 99
112, 0.124897, 99
113, 0.350905, 99
114, 0.293747, 99
115, 0.226833, 99
116, 0.358998, 99
117, 0.351120, 99
118, 0.291958, 99
119, 0.268084, 99
120, 0.295432, 99
