1, 0.508051, 99
2, 0.556424, 99
3, 0.474235, 99
4, 0.616746, 99
5, 0.616011, 99
6, 0.606117, 99
7, 0.342786, 99
8, 0.527226, 99
9, 0.554556, 99
10, 0.396668, 99
11, 0.115173, 99
12, 0.113643, 99
13, 0.153860, 99
14, 0.087757, 99
15, 0.097491, 99
16, 0.102416, 99
17, 0.064985, 99
18, 0.083104, 99
19, 0.071054, 99
20, 0.067028, 99
21, 0.091251, 99
22, 0.084469, 99
23, 0.126927, 99
24, 0.075875, 99
25, 0.109172, 99
26, 0.082740, 99
27, 0.089168, 99
28, 0.108347, 99
29, 0.090401, 99
30, 0.111171, 99
31, 0.132344, 99
32, 0.101917, 99
33, 0.071077, 99
34, 0.112633, 99
35, 0.074833, 99
36, 0.096511, 99
37, 0.122657, 99
38, 0.073241, 99
39, 0.068277, 99
40, 0.078441, 99
41, 0.096307, 99
42, 0.104835, 99
43, 0.091367, 99
44, 0.062473, 99
45, 0.101765, 99
46, 0.090580, 99
47, 0.058051, 99
48, 0.121394, 99
49, 0.082127, 99
50, 0.056555, 99
51, 0.042738, 99
52, 0.057814, 99
53, 0.054623, 99
54, 0.078309, 99
55, 0.076228, 99
56, 0.101520, 99
57, 0.089787, 99
58, 0.086058, 99
59, 0.044757, 99
60, 0.142115, 99
61, 0.116379, 99
62, 0.122591, 99
63, 0.137243, 99
64, 0.106709, 99
65, 0.105249, 99
66, 0.100898, 99
67, 0.116798, 99
68, 0.071810, 99
69, 0.068974, 99
70, 0.087326, 99
71, 0.055807, 99
72, 0.073265, 99
73, 0.046944, 99
74, 0.086350, 99
75, 0.109862, 99
76, 0.092272, 99
77, 0.130595, 99
78, 0.115593, 99
79, 0.171536, 99
80, 0.141831, 99
81, 0.116424, 99
82, 0.149992, 99
83, 0.105366, 99
84, 0.101878, 99
85, 0.076992, 99
86, 0.104245, 99
87, 0.105902, 99
88, 0.065018, 99
89, 0.059199, 99
90, 0.106170, 99
91, 0.099466, 99
92, 0.110074, 99
93, 0.125992, 99
94, 0.124671, 99
95, 0.081008, 99
96, 0.088035, 99
97, 0.106989, 99
98, 0.066547, 99
99, 0.112810, 99
100, 0.098767, 99
101, 0.099758, 99
102, 0.119938, 99
103, 0.117655, 99
104, 0.124544, 99
105, 0.124513, 99
106, 0.128316, 99
107, 0.099333, 99
108, 0.102485, 99
109, 0.090953, 99
110, 0.162515, 99
111, 0.094142, 99
112, 0.095043, 99
113, 0.064926, 99
114, 0.102692, 99
115, 0.104931, 99
116, 0.090789, 99
117, 0.110743, 99
118, 0.079847, 99
119, 0.098518, 99
120, 0.101650, 99
121, 0.099117, 99
122, 0.084642, 99
123, 0.134701, 99
124, 0.101931, 99
125, 0.095454, 99
126, 0.071858, 99
127, 0.081334, 99
128, 0.094387, 99
129, 0.118287, 99
130, 0.122875, 99
131, 0.118340, 99
132, 0.095962, 99
133, 0.115242, 99
134, 0.105905, 99
135, 0.132982, 99
136, 0.131319, 99
137, 0.126676, 99
138, 0.103142, 99
139, 0.085178, 99
140, 0.087893, 99
141, 0.074937, 99
142, 0.071649, 99
143, 0.092583, 99
144, 0.107861, 99
145, 0.090105, 99
146, 0.092017, 99
147, 0.135577, 99
148, 0.114766, 99
149, 0.126975, 99
150, 0.085645, 99
1, 0.097758, 99
2, 0.084496, 99
3, 0.050563, 99
4, 0.075696, 99
5, 0.072791, 99
6, 0.084460, 99
7, 0.138869, 99
8, 0.132919, 99
9, 0.127028, 99
10, 0.095530, 99
11, 0.511208, 99
12, 0.445846, 99
13, 0.400180, 99
14, 0.506038, 99
15, 0.483722, 99
16, 0.355760, 99
17, 0.437383, 99
18, 0.382407, 99
19, 0.499799, 99
20, 0.641665, 99
21, 0.136365, 99
22, 0.105342, 99
23, 0.126654, 99
24, 0.093613, 99
25, 0.103276, 99
26, 0.111985, 99
27, 0.125932, 99
28, 0.137035, 99
29, 0.086496, 99
30, 0.128785, 99
31, 0.120931, 99
32, 0.140913, 99
33, 0.105635, 99
34, 0.137154, 99
35, 0.119055, 99
36, 0.056520, 99
37, 0.105894, 99
38, 0.078067, 99
39, 0.061848, 99
40, 0.067398, 99
41, 0.139237, 99
42, 0.144213, 99
43, 0.163706, 99
44, 0.079259, 99
45, 0.132201, 99
46, 0.079724, 99
47, 0.072488, 99
48, 0.086950, 99
49, 0.088991, 99
50, 0.066137, 99
51, 0.073935, 99
52, 0.090116, 99
53, 0.077353, 99
54, 0.112691, 99
55, 0.094708, 99
56, 0.112130, 99
57, 0.110534, 99
58, 0.106799, 99
59, 0.073884, 99
60, 0.158143, 99
61, 0.091739, 99
62, 0.064411, 99
63, 0.101825, 99
64, 0.082906, 99
65, 0.109376, 99
66, 0.111825, 99
67, 0.131812, 99
68, 0.090292, 99
69, 0.126812, 99
70, 0.102293, 99
71, 0.077977, 99
72, 0.044901, 99
73, 0.048267, 99
74, 0.078588, 99
75, 0.147782, 99
76, 0.148227, 99
77, 0.110813, 99
78, 0.099461, 99
79, 0.144552, 99
80, 0.107277, 99
81, 0.103206, 99
82, 0.093362, 99
83, 0.128605, 99
84, 0.098203, 99
85, 0.136271, 99
86, 0.079847, 99
87, 0.106538, 99
88, 0.089663, 99
89, 0.103923, 99
90, 0.132166, 99
91, 0.143145, 99
92, 0.144804, 99
93, 0.136884, 99
94, 0.106773, 99
95, 0.165699, 99
96, 0.166296, 99
97, 0.174984, 99
98, 0.124827, 99
99, 0.110590, 99
100, 0.145620, 99
101, 0.122640, 99
102, 0.152837, 99
103, 0.096951, 99
104, 0.127011, 99
105, 0.141831, 99
106, 0.084858, 99
107, 0.141622, 99
108, 0.117599, 99
109, 0.105691, 99
110, 0.136537, 99
111, 0.113355, 99
112, 0.114315, 99
113, 0.108815, 99
114, 0.096670, 99
115, 0.083094, 99
116, 0.105182, 99
117, 0.118412, 99
118, 0.115446, 99
119, 0.096981, 99
120, 0.096028, 99
121, 0.055603, 99
122, 0.058898, 99
123, 0.111556, 99
124, 0.121404, 99
125, 0.083819, 99
126, 0.099724, 99
127, 0.103963, 99
128, 0.108428, 99
129, 0.086098, 99
130, 0.121599, 99
131, 0.120212, 99
132, 0.065778, 99
133, 0.131130, 99
134, 0.136869, 99
135, 0.133053, 99
136, 0.129601, 99
137, 0.137044, 99
138, 0.102862, 99
139, 0.124203, 99
140, 0.099322, 99
141, 0.073865, 99
142, 0.059029, 99
143, 0.069643, 99
144, 0.144716, 99
145, 0.129418, 99
146, 0.074182, 99
147, 0.102056, 99
148, 0.095727, 99
149, 0.094867, 99
150, 0.054612, 99
1, 0.072207, 99
2, 0.093152, 99
3, 0.095561, 99
4, 0.072980, 99
5, 0.058725, 99
6, 0.058862, 99
7, 0.111241, 99
8, 0.115694, 99
9, 0.125706, 99
10, 0.093863, 99
11, 0.104890, 99
12, 0.082148, 99
13, 0.136799, 99
14, 0.108667, 99
15, 0.116113, 99
16, 0.094660, 99
17, 0.119435, 99
18, 0.101280, 99
19, 0.107285, 99
20, 0.092617, 99
21, 0.468471, 99
22, 0.324712, 99
23, 0.487300, 99
24, 0.555853, 99
25, 0.487260, 99
26, 0.526610, 99
27, 0.373225, 99
28, 0.558462, 99
29, 0.554467, 99
30, 0.394109, 99
31, 0.179472, 99
32, 0.179152, 99
33, 0.112312, 99
34, 0.183210, 99
35, 0.123212, 99
36, 0.094051, 99
37, 0.129521, 99
38, 0.075886, 99
39, 0.061054, 99
40, 0.106394, 99
41, 0.187342, 99
42, 0.206602, 99
43, 0.144736, 99
44, 0.106322, 99
45, 0.126615, 99
46, 0.144674, 99
47, 0.083811, 99
48, 0.143159, 99
49, 0.082050, 99
50, 0.043561, 99
51, 0.058706, 99
52, 0.079007, 99
53, 0.074722, 99
54, 0.152697, 99
55, 0.146438, 99
56, 0.162675, 99
57, 0.134958, 99
58, 0.152505, 99
59, 0.107497, 99
60, 0.196453, 99
61, 0.088629, 99
62, 0.092637, 99
63, 0.126885, 99
64, 0.085198, 99
65, 0.125126, 99
66, 0.088119, 99
67, 0.154935, 99
68, 0.141673, 99
69, 0.125802, 99
70, 0.110781, 99
71, 0.122319, 99
72, 0.099448, 99
73, 0.093749, 99
74, 0.121177, 99
75, 0.196744, 99
76, 0.175813, 99
77, 0.143262, 99
78, 0.146356, 99
79, 0.171541, 99
80, 0.147053, 99
81, 0.103007, 99
82, 0.103280, 99
83, 0.138966, 99
84, 0.095509, 99
85, 0.104547, 99
86, 0.110887, 99
87, 0.092722, 99
88, 0.077629, 99
89, 0.084907, 99
90, 0.180934, 99
91, 0.182701, 99
92, 0.150264, 99
93, 0.144757, 99
94, 0.110203, 99
95, 0.170836, 99
96, 0.126275, 99
97, 0.120000, 99
98, 0.117636, 99
99, 0.171641, 99
100, 0.191689, 99
101, 0.214730, 99
102, 0.188662, 99
103, 0.136651, 99
104, 0.184467, 99
105, 0.180409, 99
106, 0.153025, 99
107, 0.116949, 99
108, 0.173911, 99
109, 0.121856, 99
110, 0.151690, 99
111, 0.165304, 99
112, 0.180030, 99
113, 0.106710, 99
114, 0.118543, 99
115, 0.154421, 99
116, 0.171086, 99
117, 0.171676, 99
118, 0.076646, 99
119, 0.081275, 99
120, 0.121755, 99
121, 0.059241, 99
122, 0.087346, 99
123, 0.133828, 99
124, 0.142710, 99
125, 0.129318, 99
126, 0.130353, 99
127, 0.163963, 99
128, 0.159862, 99
129, 0.143567, 99
130, 0.109282, 99
131, 0.135660, 99
132, 0.081712, 99
133, 0.118701, 99
134, 0.121840, 99
135, 0.140915, 99
136, 0.184036, 99
137, 0.180983, 99
138, 0.155767, 99
139, 0.160508, 99
140, 0.155562, 99
141, 0.120382, 99
142, 0.092715, 99
143, 0.119188, 99
144, 0.197501, 99
145, 0.151674, 99
146, 0.116891, 99
147, 0.124174, 99
148, 0.096661, 99
149, 0.088530, 99
150, 0.073469, 99
1, 0.091813, 99
2, 0.099693, 99
3, 0.120346, 99
4, 0.069135, 99
5, 0.083176, 99
6, 0.063481, 99
7, 0.107041, 99
8, 0.149414, 99
9, 0.117483, 99
10, 0.115494, 99
11, 0.116078, 99
12, 0.118424, 99
13, 0.148504, 99
14, 0.084133, 99
15, 0.105134, 99
16, 0.097168, 99
17, 0.109618, 99
18, 0.095468, 99
19, 0.092785, 99
20, 0.045493, 99
21, 0.150048, 99
22, 0.122717, 99
23, 0.154739, 99
24, 0.129725, 99
25, 0.164782, 99
26, 0.115363, 99
27, 0.114967, 99
28, 0.138601, 99
29, 0.109348, 99
30, 0.143540, 99
31, 0.452896, 99
32, 0.436227, 99
33, 0.410635, 99
34, 0.526234, 99
35, 0.567386, 99
36, 0.439259, 99
37, 0.421545, 99
38, 0.343064, 99
39, 0.378601, 99
40, 0.570108, 99
41, 0.130606, 99
42, 0.149590, 99
43, 0.128240, 99
44, 0.108138, 99
45, 0.116722, 99
46, 0.116559, 99
47, 0.040525, 99
48, 0.149566, 99
49, 0.072993, 99
50, 0.046644, 99
51, 0.038136, 99
52, 0.054106, 99
53, 0.051402, 99
54, 0.113830, 99
55, 0.119943, 99
56, 0.142196, 99
57, 0.134124, 99
58, 0.103054, 99
59, 0.080272, 99
60, 0.171841, 99
61, 0.093638, 99
62, 0.110523, 99
63, 0.130696, 99
64, 0.107998, 99
65, 0.146209, 99
66, 0.096764, 99
67, 0.163631, 99
68, 0.114617, 99
69, 0.082394, 99
70, 0.083462, 99
71, 0.082573, 99
72, 0.091448, 99
73, 0.087261, 99
74, 0.111510, 99
75, 0.161220, 99
76, 0.156796, 99
77, 0.139523, 99
78, 0.135487, 99
79, 0.170273, 99
80, 0.142938, 99
81, 0.114568, 99
82, 0.119138, 99
83, 0.120544, 99
84, 0.106447, 99
85, 0.108146, 99
86, 0.088742, 99
87, 0.115208, 99
88, 0.059498, 99
89, 0.084175, 99
90, 0.170106, 99
91, 0.142399, 99
92, 0.172760, 99
93, 0.138970, 99
94, 0.109187, 99
95, 0.118393, 99
96, 0.099161, 99
97, 0.124012, 99
98, 0.106404, 99
99, 0.142915, 99
100, 0.150696, 99
101, 0.164170, 99
102, 0.184915, 99
103, 0.120812, 99
104, 0.176388, 99
105, 0.167336, 99
106, 0.150924, 99
107, 0.111212, 99
108, 0.151311, 99
109, 0.145237, 99
110, 0.141718, 99
111, 0.123068, 99
112, 0.125549, 99
113, 0.104054, 99
114, 0.115721, 99
115, 0.112979, 99
116, 0.129029, 99
117, 0.145863, 99
118, 0.080384, 99
119, 0.108605, 99
120, 0.120870, 99
121, 0.067971, 99
122, 0.081747, 99
123, 0.143865, 99
124, 0.146841, 99
125, 0.115214, 99
126, 0.126228, 99
127, 0.119233, 99
128, 0.136665, 99
129, 0.143807, 99
130, 0.134875, 99
131, 0.126259, 99
132, 0.107864, 99
133, 0.150324, 99
134, 0.139125, 99
135, 0.151256, 99
136, 0.202355, 99
137, 0.202700, 99
138, 0.151452, 99
139, 0.133112, 99
140, 0.143885, 99
141, 0.119310, 99
142, 0.110301, 99
143, 0.120052, 99
144, 0.151574, 99
145, 0.119775, 99
146, 0.137302, 99
147, 0.132694, 99
148, 0.107451, 99
149, 0.124634, 99
150, 0.098564, 99
1, 0.077835, 99
2, 0.078410, 99
3, 0.088113, 99
4, 0.070590, 99
5, 0.039865, 99
6, 0.057486, 99
7, 0.100445, 99
8, 0.112317, 99
9, 0.101433, 99
10, 0.094895, 99
11, 0.089828, 99
12, 0.077715, 99
13, 0.118759, 99
14, 0.086657, 99
15, 0.089935, 99
16, 0.084189, 99
17, 0.079040, 99
18, 0.088237, 99
19, 0.081058, 99
20, 0.084453, 99
21, 0.147505, 99
22, 0.116363, 99
23, 0.188275, 99
24, 0.135849, 99
25, 0.135071, 99
26, 0.113751, 99
27, 0.107790, 99
28, 0.136828, 99
29, 0.079658, 99
30, 0.159860, 99
31, 0.152470, 99
32, 0.132072, 99
33, 0.094347, 99
34, 0.129148, 99
35, 0.098374, 99
36, 0.085175, 99
37, 0.105960, 99
38, 0.055632, 99
39, 0.064094, 99
40, 0.091877, 99
41, 0.452146, 99
42, 0.493553, 99
43, 0.402423, 99
44, 0.309248, 99
45, 0.544147, 99
46, 0.386787, 99
47, 0.575101, 99
48, 0.392877, 99
49, 0.397456, 99
50, 0.530360, 99
51, 0.046745, 99
52, 0.060204, 99
53, 0.088918, 99
54, 0.116501, 99
55, 0.118392, 99
56, 0.114504, 99
57, 0.106657, 99
58, 0.099363, 99
59, 0.063051, 99
60, 0.150410, 99
61, 0.080265, 99
62, 0.080996, 99
63, 0.075870, 99
64, 0.078544, 99
65, 0.105539, 99
66, 0.064963, 99
67, 0.121600, 99
68, 0.114671, 99
69, 0.105477, 99
70, 0.079759, 99
71, 0.085911, 99
72, 0.100322, 99
73, 0.063007, 99
74, 0.089795, 99
75, 0.147327, 99
76, 0.150327, 99
77, 0.121148, 99
78, 0.108115, 99
79, 0.142146, 99
80, 0.114970, 99
81, 0.094709, 99
82, 0.106099, 99
83, 0.112250, 99
84, 0.072697, 99
85, 0.087150, 99
86, 0.079944, 99
87, 0.087632, 99
88, 0.067702, 99
89, 0.084121, 99
90, 0.166444, 99
91, 0.132884, 99
92, 0.131905, 99
93, 0.112146, 99
94, 0.109421, 99
95, 0.120689, 99
96, 0.129734, 99
97, 0.114348, 99
98, 0.122589, 99
99, 0.140150, 99
100, 0.117972, 99
101, 0.124103, 99
102, 0.167996, 99
103, 0.137275, 99
104, 0.152639, 99
105, 0.143307, 99
106, 0.137588, 99
107, 0.090761, 99
108, 0.138005, 99
109, 0.104136, 99
110, 0.123628, 99
111, 0.129458, 99
112, 0.144699, 99
113, 0.104297, 99
114, 0.100062, 99
115, 0.129348, 99
116, 0.129618, 99
117, 0.118650, 99
118, 0.035179, 99
119, 0.053098, 99
120, 0.097556, 99
121, 0.059742, 99
122, 0.042966, 99
123, 0.104858, 99
124, 0.127674, 99
125, 0.104740, 99
126, 0.111461, 99
127, 0.126249, 99
128, 0.126061, 99
129, 0.100565, 99
130, 0.094669, 99
131, 0.105912, 99
132, 0.064655, 99
133, 0.116315, 99
134, 0.122957, 99
135, 0.114549, 99
136, 0.145773, 99
137, 0.151978, 99
138, 0.121423, 99
139, 0.120553, 99
140, 0.109391, 99
141, 0.081992, 99
142, 0.082920, 99
143, 0.115694, 99
144, 0.126027, 99
145, 0.102971, 99
146, 0.103289, 99
147, 0.110640, 99
148, 0.084623, 99
149, 0.088823, 99
150, 0.059747, 99
1, 0.098385, 99
2, 0.082882, 99
3, 0.079873, 99
4, 0.036805, 99
5, 0.029229, 99
6, 0.048683, 99
7, 0.081261, 99
8, 0.115131, 99
9, 0.116623, 99
10, 0.129363, 99
11, 0.084840, 99
12, 0.092111, 99
13, 0.129039, 99
14, 0.099233, 99
15, 0.090928, 99
16, 0.097134, 99
17, 0.128785, 99
18, 0.085012, 99
19, 0.102892, 99
20, 0.086831, 99
21, 0.212942, 99
22, 0.095490, 99
23, 0.131190, 99
24, 0.134206, 99
25, 0.184888, 99
26, 0.164388, 99
27, 0.104209, 99
28, 0.151012, 99
29, 0.113811, 99
30, 0.143320, 99
31, 0.134919, 99
32, 0.148477, 99
33, 0.109902, 99
34, 0.125508, 99
35, 0.083544, 99
36, 0.105668, 99
37, 0.126169, 99
38, 0.078662, 99
39, 0.066597, 99
40, 0.116561, 99
41, 0.157652, 99
42, 0.147064, 99
43, 0.111967, 99
44, 0.098724, 99
45, 0.097699, 99
46, 0.124284, 99
47, 0.052734, 99
48, 0.117375, 99
49, 0.086268, 99
50, 0.044268, 99
51, 0.562788, 99
52, 0.441702, 99
53, 0.556865, 99
54, 0.532958, 99
55, 0.541082, 99
56, 0.460458, 99
57, 0.482369, 99
58, 0.510440, 99
59, 0.541313, 99
60, 0.499160, 99
61, 0.067641, 99
62, 0.079060, 99
63, 0.097539, 99
64, 0.084642, 99
65, 0.119963, 99
66, 0.106243, 99
67, 0.158197, 99
68, 0.112561, 99
69, 0.081293, 99
70, 0.083259, 99
71, 0.107714, 99
72, 0.100081, 99
73, 0.055702, 99
74, 0.103175, 99
75, 0.150295, 99
76, 0.177605, 99
77, 0.120158, 99
78, 0.125462, 99
79, 0.123080, 99
80, 0.130854, 99
81, 0.095483, 99
82, 0.083020, 99
83, 0.099665, 99
84, 0.069670, 99
85, 0.130785, 99
86, 0.080666, 99
87, 0.070680, 99
88, 0.089693, 99
89, 0.096652, 99
90, 0.173408, 99
91, 0.140909, 99
92, 0.144061, 99
93, 0.140034, 99
94, 0.105584, 99
95, 0.162209, 99
96, 0.108385, 99
97, 0.136571, 99
98, 0.088214, 99
99, 0.133732, 99
100, 0.165772, 99
101, 0.189260, 99
102, 0.165027, 99
103, 0.119380, 99
104, 0.140746, 99
105, 0.153003, 99
106, 0.149358, 99
107, 0.108001, 99
108, 0.159835, 99
109, 0.125051, 99
110, 0.147545, 99
111, 0.162146, 99
112, 0.135965, 99
113, 0.097527, 99
114, 0.097147, 99
115, 0.125836, 99
116, 0.167613, 99
117, 0.142129, 99
118, 0.056952, 99
119, 0.069410, 99
120, 0.107375, 99
121, 0.067863, 99
122, 0.070211, 99
123, 0.118512, 99
124, 0.114322, 99
125, 0.104250, 99
126, 0.102853, 99
127, 0.126531, 99
128, 0.111130, 99
129, 0.112008, 99
130, 0.092483, 99
131, 0.084935, 99
132, 0.080835, 99
133, 0.091489, 99
134, 0.091237, 99
135, 0.137221, 99
136, 0.167024, 99
137, 0.171699, 99
138, 0.133972, 99
139, 0.147014, 99
140, 0.132950, 99
141, 0.092677, 99
142, 0.096718, 99
143, 0.089186, 99
144, 0.156082, 99
145, 0.104150, 99
146, 0.140272, 99
147, 0.115454, 99
148, 0.083236, 99
149, 0.086089, 99
150, 0.070088, 99
1, 0.090430, 99
2, 0.129315, 99
3, 0.099447, 99
4, 0.073622, 99
5, 0.090222, 99
6, 0.108416, 99
7, 0.104159, 99
8, 0.127010, 99
9, 0.114080, 99
10, 0.091046, 99
11, 0.119506, 99
12, 0.115953, 99
13, 0.138035, 99
14, 0.097925, 99
15, 0.081488, 99
16, 0.082381, 99
17, 0.096117, 99
18, 0.071247, 99
19, 0.081208, 99
20, 0.063301, 99
21, 0.121335, 99
22, 0.094058, 99
23, 0.131512, 99
24, 0.115842, 99
25, 0.120426, 99
26, 0.107582, 99
27, 0.101374, 99
28, 0.125701, 99
29, 0.107319, 99
30, 0.116953, 99
31, 0.126114, 99
32, 0.114035, 99
33, 0.102427, 99
34, 0.117323, 99
35, 0.094389, 99
36, 0.119675, 99
37, 0.139191, 99
38, 0.089065, 99
39, 0.068699, 99
40, 0.104606, 99
41, 0.109289, 99
42, 0.124551, 99
43, 0.101331, 99
44, 0.073960, 99
45, 0.091382, 99
46, 0.095466, 99
47, 0.095128, 99
48, 0.097850, 99
49, 0.077871, 99
50, 0.050592, 99
51, 0.044823, 99
52, 0.048368, 99
53, 0.059363, 99
54, 0.105709, 99
55, 0.089834, 99
56, 0.103381, 99
57, 0.116549, 99
58, 0.104541, 99
59, 0.060586, 99
60, 0.155411, 99
61, 0.516111, 99
62, 0.524708, 99
63, 0.582224, 99
64, 0.562864, 99
65, 0.510771, 99
66, 0.667965, 99
67, 0.490764, 99
68, 0.282424, 99
69, 0.307975, 99
70, 0.346182, 99
71, 0.068827, 99
72, 0.094345, 99
73, 0.055306, 99
74, 0.092999, 99
75, 0.137707, 99
76, 0.134385, 99
77, 0.128902, 99
78, 0.148624, 99
79, 0.157792, 99
80, 0.130426, 99
81, 0.104970, 99
82, 0.112143, 99
83, 0.121978, 99
84, 0.095729, 99
85, 0.091317, 99
86, 0.089716, 99
87, 0.137301, 99
88, 0.064425, 99
89, 0.071102, 99
90, 0.132765, 99
91, 0.123796, 99
92, 0.158346, 99
93, 0.150115, 99
94, 0.126611, 99
95, 0.098928, 99
96, 0.088101, 99
97, 0.115232, 99
98, 0.079285, 99
99, 0.125042, 99
100, 0.121362, 99
101, 0.127309, 99
102, 0.137881, 99
103, 0.115246, 99
104, 0.127954, 99
105, 0.151345, 99
106, 0.150333, 99
107, 0.108292, 99
108, 0.127963, 99
109, 0.146094, 99
110, 0.123336, 99
111, 0.113506, 99
112, 0.109281, 99
113, 0.082524, 99
114, 0.096419, 99
115, 0.091459, 99
116, 0.108962, 99
117, 0.115221, 99
118, 0.078410, 99
119, 0.096048, 99
120, 0.114068, 99
121, 0.084367, 99
122, 0.063358, 99
123, 0.123600, 99
124, 0.118256, 99
125, 0.109252, 99
126, 0.095181, 99
127, 0.108877, 99
128, 0.113091, 99
129, 0.122616, 99
130, 0.125873, 99
131, 0.121646, 99
132, 0.082723, 99
133, 0.123201, 99
134, 0.135562, 99
135, 0.141027, 99
136, 0.163619, 99
137, 0.121099, 99
138, 0.097471, 99
139, 0.118247, 99
140, 0.090773, 99
141, 0.101682, 99
142, 0.081702, 99
143, 0.087015, 99
144, 0.125865, 99
145, 0.109249, 99
146, 0.103260, 99
147, 0.117266, 99
148, 0.112339, 99
149, 0.123370, 99
150, 0.076422, 99
1, 0.098821, 99
2, 0.101690, 99
3, 0.115164, 99
4, 0.095949, 99
5, 0.046339, 99
6, 0.081097, 99
7, 0.088302, 99
8, 0.130020, 99
9, 0.132381, 99
10, 0.083783, 99
11, 0.110040, 99
12, 0.077184, 99
13, 0.147642, 99
14, 0.085229, 99
15, 0.106102, 99
16, 0.077707, 99
17, 0.123037, 99
18, 0.062591, 99
19, 0.074290, 99
20, 0.064345, 99
21, 0.163521, 99
22, 0.094124, 99
23, 0.174562, 99
24, 0.138133, 99
25, 0.185400, 99
26, 0.138438, 99
27, 0.115007, 99
28, 0.127675, 99
29, 0.124301, 99
30, 0.155646, 99
31, 0.159031, 99
32, 0.138895, 99
33, 0.116254, 99
34, 0.181152, 99
35, 0.125194, 99
36, 0.113891, 99
37, 0.114765, 99
38, 0.069836, 99
39, 0.055125, 99
40, 0.110414, 99
41, 0.155364, 99
42, 0.172328, 99
43, 0.109028, 99
44, 0.091856, 99
45, 0.112640, 99
46, 0.154891, 99
47, 0.066274, 99
48, 0.144534, 99
49, 0.070808, 99
50, 0.078149, 99
51, 0.060361, 99
52, 0.062136, 99
53, 0.078897, 99
54, 0.124528, 99
55, 0.109533, 99
56, 0.139426, 99
57, 0.129780, 99
58, 0.121464, 99
59, 0.096484, 99
60, 0.179770, 99
61, 0.100411, 99
62, 0.106405, 99
63, 0.103768, 99
64, 0.115739, 99
65, 0.128257, 99
66, 0.079595, 99
67, 0.161032, 99
68, 0.123737, 99
69, 0.099876, 99
70, 0.118488, 99
71, 0.390368, 99
72, 0.368320, 99
73, 0.362287, 99
74, 0.394503, 99
75, 0.468221, 99
76, 0.457415, 99
77, 0.589032, 99
78, 0.609390, 99
79, 0.476237, 99
80, 0.363691, 99
81, 0.114160, 99
82, 0.125450, 99
83, 0.139394, 99
84, 0.055166, 99
85, 0.084094, 99
86, 0.094588, 99
87, 0.090643, 99
88, 0.055033, 99
89, 0.079414, 99
90, 0.178660, 99
91, 0.141103, 99
92, 0.134349, 99
93, 0.141698, 99
94, 0.105657, 99
95, 0.114993, 99
96, 0.104834, 99
97, 0.112009, 99
98, 0.107404, 99
99, 0.163258, 99
100, 0.162554, 99
101, 0.191038, 99
102, 0.177849, 99
103, 0.138035, 99
104, 0.158099, 99
105, 0.154995, 99
106, 0.168189, 99
107, 0.086752, 99
108, 0.160773, 99
109, 0.132793, 99
110, 0.166074, 99
111, 0.138051, 99
112, 0.138748, 99
113, 0.115275, 99
114, 0.124923, 99
115, 0.136143, 99
116, 0.150658, 99
117, 0.157149, 99
118, 0.052983, 99
119, 0.077648, 99
120, 0.115916, 99
121, 0.065881, 99
122, 0.072226, 99
123, 0.148072, 99
124, 0.127617, 99
125, 0.105490, 99
126, 0.119407, 99
127, 0.141128, 99
128, 0.139022, 99
129, 0.143346, 99
130, 0.094632, 99
131, 0.137122, 99
132, 0.096062, 99
133, 0.142774, 99
134, 0.121383, 99
135, 0.186015, 99
136, 0.181087, 99
137, 0.171845, 99
138, 0.182033, 99
139, 0.131724, 99
140, 0.140556, 99
141, 0.155963, 99
142, 0.115914, 99
143, 0.121592, 99
144, 0.163621, 99
145, 0.141676, 99
146, 0.136583, 99
147, 0.135586, 99
148, 0.093121, 99
149, 0.123537, 99
150, 0.096090, 99
1, 0.111955, 99
2, 0.094420, 99
3, 0.092335, 99
4, 0.095997, 99
5, 0.078714, 99
6, 0.102963, 99
7, 0.112349, 99
8, 0.123231, 99
9, 0.128625, 99
10, 0.153471, 99
11, 0.099822, 99
12, 0.120192, 99
13, 0.107033, 99
14, 0.124534, 99
15, 0.092316, 99
16, 0.129410, 99
17, 0.091820, 99
18, 0.103041, 99
19, 0.105785, 99
20, 0.087557, 99
21, 0.116989, 99
22, 0.092947, 99
23, 0.116689, 99
24, 0.108172, 99
25, 0.127733, 99
26, 0.114682, 99
27, 0.091659, 99
28, 0.104261, 99
29, 0.125927, 99
30, 0.114993, 99
31, 0.124822, 99
32, 0.113404, 99
33, 0.090207, 99
34, 0.113971, 99
35, 0.094526, 99
36, 0.120821, 99
37, 0.128648, 99
38, 0.092534, 99
39, 0.085299, 99
40, 0.148530, 99
41, 0.132979, 99
42, 0.110481, 99
43, 0.105213, 99
44, 0.068269, 99
45, 0.128932, 99
46, 0.097808, 99
47, 0.083093, 99
48, 0.118787, 99
49, 0.120737, 99
50, 0.101487, 99
51, 0.085098, 99
52, 0.081474, 99
53, 0.085236, 99
54, 0.098197, 99
55, 0.093112, 99
56, 0.111838, 99
57, 0.157455, 99
58, 0.098616, 99
59, 0.050935, 99
60, 0.149519, 99
61, 0.099896, 99
62, 0.082822, 99
63, 0.104157, 99
64, 0.096467, 99
65, 0.127364, 99
66, 0.098401, 99
67, 0.177323, 99
68, 0.089676, 99
69, 0.095753, 99
70, 0.087145, 99
71, 0.073782, 99
72, 0.085585, 99
73, 0.060825, 99
74, 0.078361, 99
75, 0.141559, 99
76, 0.131824, 99
77, 0.116597, 99
78, 0.112667, 99
79, 0.150246, 99
80, 0.115049, 99
81, 0.395959, 99
82, 0.321739, 99
83, 0.364718, 99
84, 0.644267, 99
85, 0.576449, 99
86, 0.630974, 99
87, 0.507725, 99
88, 0.614378, 99
89, 0.509235, 99
90, 0.481512, 99
91, 0.121065, 99
92, 0.158821, 99
93, 0.128737, 99
94, 0.109947, 99
95, 0.093229, 99
96, 0.100418, 99
97, 0.107555, 99
98, 0.085151, 99
99, 0.101878, 99
100, 0.104569, 99
101, 0.111721, 99
102, 0.128384, 99
103, 0.112864, 99
104, 0.165461, 99
105, 0.153653, 99
106, 0.145249, 99
107, 0.106984, 99
108, 0.147439, 99
109, 0.118055, 99
110, 0.135629, 99
111, 0.107264, 99
112, 0.092079, 99
113, 0.059659, 99
114, 0.076844, 99
115, 0.091241, 99
116, 0.093497, 99
117, 0.114323, 99
118, 0.080262, 99
119, 0.092697, 99
120, 0.107372, 99
121, 0.102292, 99
122, 0.085623, 99
123, 0.129949, 99
124, 0.113332, 99
125, 0.100924, 99
126, 0.064544, 99
127, 0.115768, 99
128, 0.120147, 99
129, 0.112611, 99
130, 0.120047, 99
131, 0.104481, 99
132, 0.137143, 99
133, 0.134649, 99
134, 0.113171, 99
135, 0.120569, 99
136, 0.165064, 99
137, 0.148960, 99
138, 0.096475, 99
139, 0.094880, 99
140, 0.085038, 99
141, 0.086983, 99
142, 0.066131, 99
143, 0.091399, 99
144, 0.114382, 99
145, 0.133232, 99
146, 0.092805, 99
147, 0.135763, 99
148, 0.109592, 99
149, 0.116416, 99
150, 0.063705, 99
1, 0.091901, 99
2, 0.094136, 99
3, 0.080768, 99
4, 0.056917, 99
5, 0.060486, 99
6, 0.065654, 99
7, 0.121936, 99
8, 0.148955, 99
9, 0.134108, 99
10, 0.122226, 99
11, 0.113173, 99
12, 0.107009, 99
13, 0.127829, 99
14, 0.126800, 99
15, 0.155978, 99
16, 0.117227, 99
17, 0.177183, 99
18, 0.126423, 99
19, 0.159976, 99
20, 0.100565, 99
21, 0.190344, 99
22, 0.130040, 99
23, 0.180525, 99
24, 0.149969, 99
25, 0.166629, 99
26, 0.152229, 99
27, 0.157846, 99
28, 0.191977, 99
29, 0.137826, 99
30, 0.166570, 99
31, 0.159871, 99
32, 0.176360, 99
33, 0.124613, 99
34, 0.175140, 99
35, 0.140328, 99
36, 0.088418, 99
37, 0.138489, 99
38, 0.084217, 99
39, 0.063811, 99
40, 0.114660, 99
41, 0.184827, 99
42, 0.197565, 99
43, 0.182216, 99
44, 0.140981, 99
45, 0.149943, 99
46, 0.119357, 99
47, 0.082223, 99
48, 0.142687, 99
49, 0.098973, 99
50, 0.072368, 99
51, 0.068562, 99
52, 0.086784, 99
53, 0.070956, 99
54, 0.146717, 99
55, 0.141232, 99
56, 0.150568, 99
57, 0.143119, 99
58, 0.143059, 99
59, 0.102519, 99
60, 0.194420, 99
61, 0.077968, 99
62, 0.087308, 99
63, 0.128007, 99
64, 0.112810, 99
65, 0.133178, 99
66, 0.107594, 99
67, 0.183228, 99
68, 0.141734, 99
69, 0.145482, 99
70, 0.122561, 99
71, 0.112164, 99
72, 0.076475, 99
73, 0.074330, 99
74, 0.110415, 99
75, 0.214137, 99
76, 0.177340, 99
77, 0.143051, 99
78, 0.142032, 99
79, 0.151804, 99
80, 0.137150, 99
81, 0.117359, 99
82, 0.095540, 99
83, 0.144841, 99
84, 0.106242, 99
85, 0.120046, 99
86, 0.085757, 99
87, 0.103926, 99
88, 0.060024, 99
89, 0.114082, 99
90, 0.179904, 99
91, 0.503823, 99
92, 0.461746, 99
93, 0.404749, 99
94, 0.374475, 99
95, 0.506046, 99
96, 0.555559, 99
97, 0.516746, 99
98, 0.486209, 99
99, 0.453338, 99
100, 0.488319, 99
101, 0.195679, 99
102, 0.206841, 99
103, 0.144740, 99
104, 0.161114, 99
105, 0.197313, 99
106, 0.139289, 99
107, 0.123042, 99
108, 0.176841, 99
109, 0.148832, 99
110, 0.170013, 99
111, 0.188534, 99
112, 0.158890, 99
113, 0.114040, 99
114, 0.141456, 99
115, 0.146085, 99
116, 0.143256, 99
117, 0.182558, 99
118, 0.082373, 99
119, 0.109240, 99
120, 0.146056, 99
121, 0.073039, 99
122, 0.075317, 99
123, 0.147671, 99
124, 0.178326, 99
125, 0.139603, 99
126, 0.142816, 99
127, 0.143570, 99
128, 0.166318, 99
129, 0.151497, 99
130, 0.145036, 99
131, 0.148256, 99
132, 0.080522, 99
133, 0.126518, 99
134, 0.135064, 99
135, 0.169359, 99
136, 0.210301, 99
137, 0.172618, 99
138, 0.151240, 99
139, 0.158298, 99
140, 0.138326, 99
141, 0.118402, 99
142, 0.101453, 99
143, 0.115547, 99
144, 0.218729, 99
145, 0.142379, 99
146, 0.120020, 99
147, 0.148111, 99
148, 0.115222, 99
149, 0.128740, 99
150, 0.073907, 99
1, 0.106378, 99
2, 0.125272, 99
3, 0.122673, 99
4, 0.076455, 99
5, 0.055670, 99
6, 0.068972, 99
7, 0.110458, 99
8, 0.144306, 99
9, 0.145691, 99
10, 0.113552, 99
11, 0.084869, 99
12, 0.087966, 99
13, 0.148397, 99
14, 0.106120, 99
15, 0.127354, 99
16, 0.104480, 99
17, 0.117061, 99
18, 0.098583, 99
19, 0.094342, 99
20, 0.061945, 99
21, 0.194639, 99
22, 0.123211, 99
23, 0.179370, 99
24, 0.148408, 99
25, 0.188274, 99
26, 0.144494, 99
27, 0.110531, 99
28, 0.162456, 99
29, 0.098888, 99
30, 0.187046, 99
31, 0.188292, 99
32, 0.182175, 99
33, 0.119687, 99
34, 0.150131, 99
35, 0.104640, 99
36, 0.133699, 99
37, 0.188958, 99
38, 0.084620, 99
39, 0.052880, 99
40, 0.119417, 99
41, 0.168866, 99
42, 0.183208, 99
43, 0.142072, 99
44, 0.111666, 99
45, 0.123887, 99
46, 0.121852, 99
47, 0.071829, 99
48, 0.155184, 99
49, 0.093862, 99
50, 0.064201, 99
51, 0.032723, 99
52, 0.072858, 99
53, 0.051759, 99
54, 0.155588, 99
55, 0.145725, 99
56, 0.202022, 99
57, 0.156695, 99
58, 0.140358, 99
59, 0.080379, 99
60, 0.212186, 99
61, 0.079620, 99
62, 0.085162, 99
63, 0.140876, 99
64, 0.117172, 99
65, 0.163192, 99
66, 0.090952, 99
67, 0.233586, 99
68, 0.108263, 99
69, 0.108456, 99
70, 0.104553, 99
71, 0.094239, 99
72, 0.133062, 99
73, 0.060667, 99
74, 0.099517, 99
75, 0.199919, 99
76, 0.196216, 99
77, 0.159506, 99
78, 0.122101, 99
79, 0.170808, 99
80, 0.207245, 99
81, 0.148208, 99
82, 0.114573, 99
83, 0.160407, 99
84, 0.079690, 99
85, 0.094118, 99
86, 0.084332, 99
87, 0.119486, 99
88, 0.057163, 99
89, 0.077656, 99
90, 0.201406, 99
91, 0.163821, 99
92, 0.211557, 99
93, 0.172341, 99
94, 0.163936, 99
95, 0.127076, 99
96, 0.116841, 99
97, 0.114494, 99
98, 0.092093, 99
99, 0.142717, 99
100, 0.186092, 99
101, 0.384412, 99
102, 0.416717, 99
103, 0.297091, 99
104, 0.459830, 99
105, 0.478031, 99
106, 0.411585, 99
107, 0.366416, 99
108, 0.439847, 99
109, 0.376115, 99
110, 0.383525, 99
111, 0.156856, 99
112, 0.161186, 99
113, 0.088603, 99
114, 0.102860, 99
115, 0.143466, 99
116, 0.130331, 99
117, 0.177482, 99
118, 0.075452, 99
119, 0.109629, 99
120, 0.158551, 99
121, 0.111902, 99
122, 0.059322, 99
123, 0.159414, 99
124, 0.168265, 99
125, 0.116827, 99
126, 0.146250, 99
127, 0.148492, 99
128, 0.147195, 99
129, 0.151530, 99
130, 0.137609, 99
131, 0.153390, 99
132, 0.095324, 99
133, 0.150972, 99
134, 0.166411, 99
135, 0.176456, 99
136, 0.253914, 99
137, 0.228088, 99
138, 0.173573, 99
139, 0.173888, 99
140, 0.139876, 99
141, 0.125691, 99
142, 0.106154, 99
143, 0.137594, 99
144, 0.202575, 99
145, 0.123564, 99
146, 0.154610, 99
147, 0.152688, 99
148, 0.125548, 99
149, 0.129783, 99
150, 0.066818, 99
1, 0.090656, 99
2, 0.099560, 99
3, 0.096996, 99
4, 0.062171, 99
5, 0.051888, 99
6, 0.074169, 99
7, 0.109964, 99
8, 0.141198, 99
9, 0.106894, 99
10, 0.082353, 99
11, 0.105404, 99
12, 0.090174, 99
13, 0.136141, 99
14, 0.083865, 99
15, 0.095238, 99
16, 0.088547, 99
17, 0.110951, 99
18, 0.090606, 99
19, 0.097924, 99
20, 0.050083, 99
21, 0.150494, 99
22, 0.087852, 99
23, 0.135865, 99
24, 0.141845, 99
25, 0.165118, 99
26, 0.152411, 99
27, 0.106023, 99
28, 0.142384, 99
29, 0.120736, 99
30, 0.163941, 99
31, 0.149131, 99
32, 0.142787, 99
33, 0.107108, 99
34, 0.141284, 99
35, 0.118742, 99
36, 0.085024, 99
37, 0.108632, 99
38, 0.082049, 99
39, 0.067091, 99
40, 0.083171, 99
41, 0.150739, 99
42, 0.130712, 99
43, 0.139369, 99
44, 0.102719, 99
45, 0.100990, 99
46, 0.117164, 99
47, 0.065705, 99
48, 0.127904, 99
49, 0.069048, 99
50, 0.068331, 99
51, 0.033047, 99
52, 0.023047, 99
53, 0.070670, 99
54, 0.147452, 99
55, 0.127110, 99
56, 0.140474, 99
57, 0.104284, 99
58, 0.114471, 99
59, 0.087938, 99
60, 0.143998, 99
61, 0.084629, 99
62, 0.084100, 99
63, 0.099429, 99
64, 0.092263, 99
65, 0.109706, 99
66, 0.099847, 99
67, 0.151669, 99
68, 0.115673, 99
69, 0.090176, 99
70, 0.076102, 99
71, 0.091886, 99
72, 0.079932, 99
73, 0.063646, 99
74, 0.119616, 99
75, 0.191700, 99
76, 0.173161, 99
77, 0.131556, 99
78, 0.126631, 99
79, 0.139731, 99
80, 0.124188, 99
81, 0.090019, 99
82, 0.085302, 99
83, 0.143975, 99
84, 0.062267, 99
85, 0.083036, 99
86, 0.064272, 99
87, 0.082081, 99
88, 0.046018, 99
89, 0.060043, 99
90, 0.156025, 99
91, 0.164548, 99
92, 0.133795, 99
93, 0.138015, 99
94, 0.104755, 99
95, 0.118119, 99
96, 0.109011, 99
97, 0.121541, 99
98, 0.092759, 99
99, 0.135717, 99
100, 0.161643, 99
101, 0.179724, 99
102, 0.160443, 99
103, 0.137665, 99
104, 0.142821, 99
105, 0.148120, 99
106, 0.129497, 99
107, 0.093629, 99
108, 0.150375, 99
109, 0.125422, 99
110, 0.140255, 99
111, 0.446519, 99
112, 0.495234, 99
113, 0.393916, 99
114, 0.474319, 99
115, 0.494717, 99
116, 0.481547, 99
117, 0.436163, 99
118, 0.312309, 99
119, 0.322160, 99
120, 0.348305, 99
121, 0.058839, 99
122, 0.063339, 99
123, 0.111436, 99
124, 0.128226, 99
125, 0.096327, 99
126, 0.115441, 99
127, 0.108971, 99
128, 0.122443, 99
129, 0.127556, 99
130, 0.106991, 99
131, 0.119261, 99
132, 0.067864, 99
133, 0.082483, 99
134, 0.112497, 99
135, 0.147982, 99
136, 0.151410, 99
137, 0.163182, 99
138, 0.142929, 99
139, 0.132205, 99
140, 0.132126, 99
141, 0.120100, 99
142, 0.096755, 99
143, 0.095455, 99
144, 0.154504, 99
145, 0.151120, 99
146, 0.117451, 99
147, 0.118103, 99
148, 0.105155, 99
149, 0.093296, 99
150, 0.068759, 99
1, 0.097546, 99
2, 0.098994, 99
3, 0.081553, 99
4, 0.068979, 99
5, 0.078729, 99
6, 0.055542, 99
7, 0.081419, 99
8, 0.128194, 99
9, 0.112542, 99
10, 0.075504, 99
11, 0.083497, 99
12, 0.093751, 99
13, 0.117315, 99
14, 0.079847, 99
15, 0.076114, 99
16, 0.089890, 99
17, 0.092541, 99
18, 0.075828, 99
19, 0.094627, 99
20, 0.063083, 99
21, 0.126439, 99
22, 0.098516, 99
23, 0.145891, 99
24, 0.107099, 99
25, 0.116153, 99
26, 0.129447, 99
27, 0.087023, 99
28, 0.107423, 99
29, 0.104092, 99
30, 0.122907, 99
31, 0.123662, 99
32, 0.110281, 99
33, 0.088695, 99
34, 0.127020, 99
35, 0.106216, 99
36, 0.085235, 99
37, 0.135280, 99
38, 0.055252, 99
39, 0.061515, 99
40, 0.109094, 99
41, 0.124539, 99
42, 0.135647, 99
43, 0.111877, 99
44, 0.079676, 99
45, 0.101556, 99
46, 0.096374, 99
47, 0.059193, 99
48, 0.106390, 99
49, 0.047314, 99
50, 0.030241, 99
51, 0.064681, 99
52, 0.031991, 99
53, 0.060356, 99
54, 0.089837, 99
55, 0.093595, 99
56, 0.113358, 99
57, 0.098503, 99
58, 0.092978, 99
59, 0.060761, 99
60, 0.127081, 99
61, 0.082967, 99
62, 0.097176, 99
63, 0.105786, 99
64, 0.082327, 99
65, 0.132338, 99
66, 0.104234, 99
67, 0.139257, 99
68, 0.094256, 99
69, 0.073516, 99
70, 0.068853, 99
71, 0.078062, 99
72, 0.088798, 99
73, 0.053530, 99
74, 0.107139, 99
75, 0.130717, 99
76, 0.115100, 99
77, 0.138286, 99
78, 0.129526, 99
79, 0.121464, 99
80, 0.134292, 99
81, 0.088132, 99
82, 0.091399, 99
83, 0.106504, 99
84, 0.061933, 99
85, 0.079288, 99
86, 0.088352, 99
87, 0.108203, 99
88, 0.059280, 99
89, 0.059004, 99
90, 0.122952, 99
91, 0.131151, 99
92, 0.154004, 99
93, 0.130014, 99
94, 0.098413, 99
95, 0.100768, 99
96, 0.096950, 99
97, 0.095538, 99
98, 0.086229, 99
99, 0.109596, 99
100, 0.115486, 99
101, 0.127695, 99
102, 0.133649, 99
103, 0.117521, 99
104, 0.145672, 99
105, 0.154077, 99
106, 0.157604, 99
107, 0.094244, 99
108, 0.136376, 99
109, 0.103430, 99
110, 0.122932, 99
111, 0.110844, 99
112, 0.097260, 99
113, 0.079162, 99
114, 0.085851, 99
115, 0.099760, 99
116, 0.106859, 99
117, 0.116743, 99
118, 0.064878, 99
119, 0.083018, 99
120, 0.114375, 99
121, 0.291898, 99
122, 0.317268, 99
123, 0.367963, 99
124, 0.362439, 99
125, 0.478687, 99
126, 0.361393, 99
127, 0.520636, 99
128, 0.447267, 99
129, 0.458750, 99
130, 0.479183, 99
131, 0.123752, 99
132, 0.081623, 99
133, 0.148400, 99
134, 0.141294, 99
135, 0.123463, 99
136, 0.161490, 99
137, 0.138934, 99
138, 0.119461, 99
139, 0.118926, 99
140, 0.102699, 99
141, 0.093568, 99
142, 0.072736, 99
143, 0.088698, 99
144, 0.120051, 99
145, 0.099052, 99
146, 0.097699, 99
147, 0.117472, 99
148, 0.087545, 99
149, 0.101978, 99
150, 0.069955, 99
1, 0.087928, 99
2, 0.096160, 99
3, 0.120805, 99
4, 0.080759, 99
5, 0.065119, 99
6, 0.066686, 99
7, 0.100499, 99
8, 0.130798, 99
9, 0.130364, 99
10, 0.094211, 99
11, 0.103604, 99
12, 0.106748, 99
13, 0.152506, 99
14, 0.096366, 99
15, 0.108938, 99
16, 0.097177, 99
17, 0.115552, 99
18, 0.095294, 99
19, 0.075498, 99
20, 0.038140, 99
21, 0.169002, 99
22, 0.121879, 99
23, 0.156974, 99
24, 0.136190, 99
25, 0.179173, 99
26, 0.115983, 99
27, 0.095067, 99
28, 0.121370, 99
29, 0.116127, 99
30, 0.172610, 99
31, 0.191058, 99
32, 0.170326, 99
33, 0.138599, 99
34, 0.175940, 99
35, 0.134401, 99
36, 0.119994, 99
37, 0.144015, 99
38, 0.078344, 99
39, 0.057439, 99
40, 0.113928, 99
41, 0.160676, 99
42, 0.143196, 99
43, 0.133628, 99
44, 0.106715, 99
45, 0.118594, 99
46, 0.123448, 99
47, 0.046098, 99
48, 0.142884, 99
49, 0.078191, 99
50, 0.044082, 99
51, 0.050426, 99
52, 0.052660, 99
53, 0.058336, 99
54, 0.125553, 99
55, 0.128971, 99
56, 0.168809, 99
57, 0.137704, 99
58, 0.117756, 99
59, 0.069333, 99
60, 0.192605, 99
61, 0.088921, 99
62, 0.101325, 99
63, 0.111480, 99
64, 0.108785, 99
65, 0.135221, 99
66, 0.083197, 99
67, 0.198660, 99
68, 0.101314, 99
69, 0.089745, 99
70, 0.088581, 99
71, 0.105223, 99
72, 0.122207, 99
73, 0.071491, 99
74, 0.123917, 99
75, 0.174359, 99
76, 0.172640, 99
77, 0.147891, 99
78, 0.136414, 99
79, 0.182634, 99
80, 0.167910, 99
81, 0.127486, 99
82, 0.131153, 99
83, 0.140153, 99
84, 0.065084, 99
85, 0.093752, 99
86, 0.090790, 99
87, 0.113921, 99
88, 0.052663, 99
89, 0.085761, 99
90, 0.155412, 99
91, 0.163249, 99
92, 0.210434, 99
93, 0.147032, 99
94, 0.130860, 99
95, 0.120784, 99
96, 0.101931, 99
97, 0.111146, 99
98, 0.095322, 99
99, 0.144187, 99
100, 0.154311, 99
101, 0.164755, 99
102, 0.206053, 99
103, 0.144398, 99
104, 0.206102, 99
105, 0.195517, 99
106, 0.179964, 99
107, 0.134778, 99
108, 0.191895, 99
109, 0.164005, 99
110, 0.155492, 99
111, 0.145153, 99
112, 0.140703, 99
113, 0.112893, 99
114, 0.101856, 99
115, 0.121236, 99
116, 0.118886, 99
117, 0.150301, 99
118, 0.070711, 99
119, 0.097628, 99
120, 0.127346, 99
121, 0.083910, 99
122, 0.069391, 99
123, 0.149624, 99
124, 0.164011, 99
125, 0.126795, 99
126, 0.138815, 99
127, 0.151726, 99
128, 0.150649, 99
129, 0.157336, 99
130, 0.139960, 99
131, 0.408766, 99
132, 0.298597, 99
133, 0.457020, 99
134, 0.377381, 99
135, 0.424366, 99
136, 0.523048, 99
137, 0.499374, 99
138, 0.376202, 99
139, 0.357002, 99
140, 0.369739, 99
141, 0.139528, 99
142, 0.125717, 99
143, 0.121077, 99
144, 0.173010, 99
145, 0.123469, 99
146, 0.131898, 99
147, 0.157719, 99
148, 0.114684, 99
149, 0.119972, 99
150, 0.066093, 99
1, 0.080718, 99
2, 0.095478, 99
3, 0.117429, 99
4, 0.087846, 99
5, 0.047111, 99
6, 0.062382, 99
7, 0.093261, 99
8, 0.132368, 99
9, 0.104758, 99
10, 0.093087, 99
11, 0.104619, 99
12, 0.085776, 99
13, 0.133543, 99
14, 0.068355, 99
15, 0.077674, 99
16, 0.078901, 99
17, 0.107201, 99
18, 0.081967, 99
19, 0.073437, 99
20, 0.053078, 99
21, 0.138492, 99
22, 0.088244, 99
23, 0.139522, 99
24, 0.125739, 99
25, 0.149649, 99
26, 0.112691, 99
27, 0.117285, 99
28, 0.120432, 99
29, 0.089750, 99
30, 0.140501, 99
31, 0.154223, 99
32, 0.161580, 99
33, 0.127578, 99
34, 0.150004, 99
35, 0.126560, 99
36, 0.100118, 99
37, 0.101556, 99
38, 0.057831, 99
39, 0.060695, 99
40, 0.107808, 99
41, 0.137396, 99
42, 0.117126, 99
43, 0.101223, 99
44, 0.096829, 99
45, 0.102177, 99
46, 0.111473, 99
47, 0.049144, 99
48, 0.149771, 99
49, 0.051790, 99
50, 0.086996, 99
51, 0.049874, 99
52, 0.048780, 99
53, 0.038283, 99
54, 0.111040, 99
55, 0.101109, 99
56, 0.134671, 99
57, 0.091924, 99
58, 0.102362, 99
59, 0.070152, 99
60, 0.147869, 99
61, 0.106578, 99
62, 0.104822, 99
63, 0.091399, 99
64, 0.089369, 99
65, 0.098991, 99
66, 0.069788, 99
67, 0.154879, 99
68, 0.100943, 99
69, 0.095441, 99
70, 0.087979, 99
71, 0.100014, 99
72, 0.115302, 99
73, 0.097352, 99
74, 0.126897, 99
75, 0.147718, 99
76, 0.141883, 99
77, 0.160813, 99
78, 0.158530, 99
79, 0.129494, 99
80, 0.119503, 99
81, 0.116720, 99
82, 0.120495, 99
83, 0.110660, 99
84, 0.074303, 99
85, 0.085608, 99
86, 0.085060, 99
87, 0.081042, 99
88, 0.051436, 99
89, 0.063933, 99
90, 0.155825, 99
91, 0.142139, 99
92, 0.144481, 99
93, 0.130052, 99
94, 0.116308, 99
95, 0.104778, 99
96, 0.083529, 99
97, 0.092150, 99
98, 0.106050, 99
99, 0.166386, 99
100, 0.142644, 99
101, 0.164253, 99
102, 0.156431, 99
103, 0.132645, 99
104, 0.147825, 99
105, 0.142445, 99
106, 0.148777, 99
107, 0.090945, 99
108, 0.139216, 99
109, 0.120037, 99
110, 0.131358, 99
111, 0.117979, 99
112, 0.138956, 99
113, 0.124894, 99
114, 0.113600, 99
115, 0.139348, 99
116, 0.130597, 99
117, 0.155096, 99
118, 0.058061, 99
119, 0.076995, 99
120, 0.106714, 99
121, 0.053312, 99
122, 0.063442, 99
123, 0.119639, 99
124, 0.113428, 99
125, 0.103344, 99
126, 0.123753, 99
127, 0.125833, 99
128, 0.136378, 99
129, 0.128431, 99
130, 0.095720, 99
131, 0.127448, 99
132, 0.079425, 99
133, 0.109170, 99
134, 0.097376, 99
135, 0.161709, 99
136, 0.179324, 99
137, 0.174393, 99
138, 0.150069, 99
139, 0.142795, 99
140, 0.130003, 99
141, 0.460427, 99
142, 0.413434, 99
143, 0.440918, 99
144, 0.396316, 99
145, 0.582674, 99
146, 0.520787, 99
147, 0.379923, 99
148, 0.288365, 99
149, 0.466292, 99
150, 0.444144, 99
