1, 0.117937, 99
2, 0.125164, 99
3, 0.065359, 99
4, 0.100005, 99
5, 0.122051, 99
6, 0.077420, 99
7, 0.173288, 99
8, 0.234924, 99
9, 0.235151, 99
10, 0.161462, 99
11, 0.017406, 99
12, 0.038136, 99
13, 0.052513, 99
14, 0.030945, 99
15, 0.035931, 99
16, 0.033823, 99
17, 0.032066, 99
18, 0.032436, 99
19, 0.026105, 99
20, 0.012439, 99
21, 0.033392, 99
22, 0.031030, 99
23, 0.039052, 99
24, 0.017243, 99
25, 0.036876, 99
26, 0.015625, 99
27, 0.029414, 99
28, 0.034106, 99
29, 0.018699, 99
30, 0.039750, 99
31, 0.049403, 99
32, 0.044182, 99
33, 0.021660, 99
34, 0.042974, 99
35, 0.021948, 99
36, 0.015583, 99
37, 0.044332, 99
38, 0.020284, 99
39, 0.015445, 99
40, 0.011290, 99
41, 0.037433, 99
42, 0.040073, 99
43, 0.039787, 99
44, 0.024124, 99
45, 0.031272, 99
46, 0.031934, 99
47, 0.006458, 99
48, 0.035922, 99
49, 0.028713, 99
50, 0.009495, 99
51, -0.003630, 99
52, 0.021495, 99
53, 0.008608, 99
54, 0.029231, 99
55, 0.028791, 99
56, 0.043246, 99
57, 0.029794, 99
58, 0.029618, 99
59, 0.013958, 99
60, 0.036030, 99
61, 0.023808, 99
62, 0.020541, 99
63, 0.032154, 99
64, 0.021165, 99
65, 0.025206, 99
66, 0.018677, 99
67, 0.042102, 99
68, 0.023149, 99
69, 0.025348, 99
70, 0.017917, 99
71, 0.014814, 99
72, 0.014450, 99
73, 0.027309, 99
74, 0.037294, 99
75, 0.038035, 99
76, 0.028292, 99
77, 0.032624, 99
78, 0.016517, 99
79, 0.052981, 99
80, 0.050937, 99
81, 0.035456, 99
82, 0.038182, 99
83, 0.034917, 99
84, 0.016613, 99
85, 0.031163, 99
86, 0.029439, 99
87, 0.036168, 99
88, 0.025300, 99
89, 0.022964, 99
90, 0.029440, 99
91, 0.027769, 99
92, 0.035144, 99
93, 0.039868, 99
94, 0.031523, 99
95, 0.029779, 99
96, 0.027841, 99
97, 0.042926, 99
98, 0.012402, 99
99, 0.034067, 99
100, 0.037347, 99
101, 0.034876, 99
102, 0.048478, 99
103, 0.040875, 99
104, 0.046327, 99
105, 0.042260, 99
106, 0.035472, 99
107, 0.041810, 99
108, 0.040831, 99
109, 0.020072, 99
110, 0.064884, 99
111, 0.035017, 99
112, 0.036501, 99
113, 0.018429, 99
114, 0.018679, 99
115, 0.035000, 99
116, 0.037358, 99
117, 0.040548, 99
118, 0.037297, 99
119, 0.041741, 99
120, 0.031061, 99
121, 0.025844, 99
122, 0.022078, 99
123, 0.036862, 99
124, 0.045973, 99
125, 0.028091, 99
126, 0.031962, 99
127, 0.026485, 99
128, 0.027235, 99
129, 0.041166, 99
130, 0.043575, 99
131, 0.029579, 99
132, 0.044651, 99
133, 0.032051, 99
134, 0.031311, 99
135, 0.052053, 99
136, 0.047197, 99
137, 0.043333, 99
138, 0.036384, 99
139, 0.031375, 99
140, 0.034969, 99
141, 0.025183, 99
142, 0.021364, 99
143, 0.026686, 99
144, 0.048884, 99
145, 0.019909, 99
146, 0.031964, 99
147, 0.049705, 99
148, 0.038726, 99
149, 0.040731, 99
150, 0.015028, 99
1, 0.023118, 99
2, 0.024976, 99
3, 0.009584, 99
4, 0.011992, 99
5, 0.022316, 99
6, 0.025507, 99
7, 0.050127, 99
8, 0.045552, 99
9, 0.045935, 99
10, 0.033119, 99
11, 0.128675, 99
12, 0.119168, 99
13, 0.152401, 99
14, 0.170602, 99
15, 0.194595, 99
16, 0.129723, 99
17, 0.139472, 99
18, 0.194230, 99
19, 0.173008, 99
20, 0.080472, 99
21, 0.038745, 99
22, 0.023796, 99
23, 0.031269, 99
24, 0.017807, 99
25, 0.039920, 99
26, 0.020406, 99
27, 0.033418, 99
28, 0.034318, 99
29, 0.022089, 99
30, 0.040907, 99
31, 0.043369, 99
32, 0.050946, 99
33, 0.041874, 99
34, 0.046755, 99
35, 0.035695, 99
36, 0.015785, 99
37, 0.043755, 99
38, 0.029681, 99
39, 0.009850, 99
40, 0.007683, 99
41, 0.038852, 99
42, 0.035385, 99
43, 0.051690, 99
44, 0.037038, 99
45, 0.026280, 99
46, 0.027690, 99
47, 0.009591, 99
48, 0.022921, 99
49, 0.018773, 99
50, 0.014707, 99
51, 0.005595, 99
52, 0.008796, 99
53, 0.005703, 99
54, 0.026083, 99
55, 0.022982, 99
56, 0.034116, 99
57, 0.039070, 99
58, 0.030740, 99
59, 0.008807, 99
60, 0.047890, 99
61, 0.029894, 99
62, 0.028095, 99
63, 0.022495, 99
64, 0.023739, 99
65, 0.028163, 99
66, 0.017536, 99
67, 0.047170, 99
68, 0.022877, 99
69, 0.030203, 99
70, 0.023949, 99
71, 0.013896, 99
72, 0.008501, 99
73, 0.012312, 99
74, 0.029539, 99
75, 0.030848, 99
76, 0.047478, 99
77, 0.037531, 99
78, 0.025287, 99
79, 0.042010, 99
80, 0.033085, 99
81, 0.041221, 99
82, 0.032737, 99
83, 0.037351, 99
84, 0.026502, 99
85, 0.044215, 99
86, 0.025613, 99
87, 0.039404, 99
88, 0.016123, 99
89, 0.027034, 99
90, 0.035077, 99
91, 0.045482, 99
92, 0.042632, 99
93, 0.040694, 99
94, 0.024739, 99
95, 0.046538, 99
96, 0.034354, 99
97, 0.042517, 99
98, 0.023645, 99
99, 0.040947, 99
100, 0.048035, 99
101, 0.031874, 99
102, 0.045564, 99
103, 0.028870, 99
104, 0.039781, 99
105, 0.042758, 99
106, 0.021118, 99
107, 0.041963, 99
108, 0.029054, 99
109, 0.026006, 99
110, 0.045490, 99
111, 0.037244, 99
112, 0.035788, 99
113, 0.033028, 99
114, 0.025060, 99
115, 0.023688, 99
116, 0.028120, 99
117, 0.039166, 99
118, 0.031357, 99
119, 0.023711, 99
120, 0.033080, 99
121, 0.012869, 99
122, 0.010953, 99
123, 0.042577, 99
124, 0.044761, 99
125, 0.029841, 99
126, 0.030957, 99
127, 0.031972, 99
128, 0.028545, 99
129, 0.024024, 99
130, 0.034347, 99
131, 0.035897, 99
132, 0.027781, 99
133, 0.038172, 99
134, 0.044261, 99
135, 0.038840, 99
136, 0.036893, 99
137, 0.045336, 99
138, 0.032113, 99
139, 0.041882, 99
140, 0.032983, 99
141, 0.025473, 99
142, 0.023838, 99
143, 0.017973, 99
144, 0.045359, 99
145, 0.034286, 99
146, 0.015470, 99
147, 0.039971, 99
148, 0.027036, 99
149, 0.031472, 99
150, 0.012512, 99
1, 0.017207, 99
2, 0.030385, 99
3, 0.039990, 99
4, 0.019573, 99
5, 0.018526, 99
6, 0.011906, 99
7, 0.046074, 99
8, 0.045945, 99
9, 0.052750, 99
10, 0.033724, 99
11, 0.055364, 99
12, 0.025658, 99
13, 0.063206, 99
14, 0.030084, 99
15, 0.047159, 99
16, 0.028200, 99
17, 0.031468, 99
18, 0.047446, 99
19, 0.029770, 99
20, 0.019849, 99
21, 0.197781, 99
22, 0.128719, 99
23, 0.167297, 99
24, 0.193553, 99
25, 0.210069, 99
26, 0.140187, 99
27, 0.178091, 99
28, 0.164680, 99
29, 0.108637, 99
30, 0.251133, 99
31, 0.064604, 99
32, 0.082897, 99
33, 0.046485, 99
34, 0.068054, 99
35, 0.046296, 99
36, 0.038376, 99
37, 0.055706, 99
38, 0.031038, 99
39, 0.016050, 99
40, 0.034413, 99
41, 0.064747, 99
42, 0.096859, 99
43, 0.050980, 99
44, 0.046077, 99
45, 0.050915, 99
46, 0.069597, 99
47, 0.013554, 99
48, 0.048070, 99
49, 0.029397, 99
50, -0.005980, 99
51, 0.001426, 99
52, 0.021832, 99
53, 0.009275, 99
54, 0.057107, 99
55, 0.051006, 99
56, 0.069773, 99
57, 0.060713, 99
58, 0.043562, 99
59, 0.027988, 99
60, 0.073532, 99
61, 0.032583, 99
62, 0.045365, 99
63, 0.056786, 99
64, 0.033991, 99
65, 0.049583, 99
66, 0.048352, 99
67, 0.066355, 99
68, 0.064764, 99
69, 0.042281, 99
70, 0.026785, 99
71, 0.044812, 99
72, 0.042923, 99
73, 0.026637, 99
74, 0.050395, 99
75, 0.062735, 99
76, 0.058493, 99
77, 0.061312, 99
78, 0.054456, 99
79, 0.067848, 99
80, 0.058596, 99
81, 0.052446, 99
82, 0.035732, 99
83, 0.043107, 99
84, 0.021103, 99
85, 0.023095, 99
86, 0.023910, 99
87, 0.051918, 99
88, 0.026201, 99
89, 0.024459, 99
90, 0.059939, 99
91, 0.058478, 99
92, 0.058617, 99
93, 0.057625, 99
94, 0.061462, 99
95, 0.054467, 99
96, 0.045482, 99
97, 0.038093, 99
98, 0.037601, 99
99, 0.056811, 99
100, 0.068077, 99
101, 0.078306, 99
102, 0.056735, 99
103, 0.045040, 99
104, 0.068185, 99
105, 0.099013, 99
106, 0.061834, 99
107, 0.062266, 99
108, 0.061716, 99
109, 0.042396, 99
110, 0.056883, 99
111, 0.061145, 99
112, 0.077178, 99
113, 0.030361, 99
114, 0.029564, 99
115, 0.054726, 99
116, 0.076412, 99
117, 0.070304, 99
118, 0.028758, 99
119, 0.026015, 99
120, 0.048874, 99
121, 0.026688, 99
122, 0.029378, 99
123, 0.054909, 99
124, 0.050846, 99
125, 0.043539, 99
126, 0.060190, 99
127, 0.055751, 99
128, 0.055026, 99
129, 0.048663, 99
130, 0.035904, 99
131, 0.057677, 99
132, 0.035392, 99
133, 0.040071, 99
134, 0.046849, 99
135, 0.067524, 99
136, 0.079946, 99
137, 0.069720, 99
138, 0.056027, 99
139, 0.052071, 99
140, 0.049685, 99
141, 0.035935, 99
142, 0.033794, 99
143, 0.050240, 99
144, 0.078855, 99
145, 0.049034, 99
146, 0.044512, 99
147, 0.047894, 99
148, 0.036941, 99
149, 0.027588, 99
150, 0.024401, 99
1, 0.032391, 99
2, 0.033076, 99
3, 0.044314, 99
4, 0.001737, 99
5, 0.021628, 99
6, 0.010108, 99
7, 0.049539, 99
8, 0.047253, 99
9, 0.040273, 99
10, 0.044897, 99
11, 0.035558, 99
12, 0.036543, 99
13, 0.059280, 99
14, 0.019150, 99
15, 0.047503, 99
16, 0.033969, 99
17, 0.048143, 99
18, 0.035679, 99
19, 0.031119, 99
20, 0.007688, 99
21, 0.058760, 99
22, 0.040473, 99
23, 0.057789, 99
24, 0.041401, 99
25, 0.067631, 99
26, 0.037148, 99
27, 0.057101, 99
28, 0.048497, 99
29, 0.033360, 99
30, 0.072160, 99
31, 0.206453, 99
32, 0.286676, 99
33, 0.176280, 99
34, 0.190668, 99
35, 0.116510, 99
36, 0.116207, 99
37, 0.177113, 99
38, 0.107155, 99
39, 0.054344, 99
40, 0.110977, 99
41, 0.050623, 99
42, 0.056007, 99
43, 0.054243, 99
44, 0.047018, 99
45, 0.046673, 99
46, 0.043086, 99
47, 0.004363, 99
48, 0.054470, 99
49, 0.026586, 99
50, 0.010009, 99
51, 0.000383, 99
52, 0.016960, 99
53, 0.010210, 99
54, 0.044044, 99
55, 0.047051, 99
56, 0.062868, 99
57, 0.054716, 99
58, 0.044533, 99
59, 0.029403, 99
60, 0.067305, 99
61, 0.020708, 99
62, 0.031966, 99
63, 0.045362, 99
64, 0.031660, 99
65, 0.052176, 99
66, 0.022808, 99
67, 0.062535, 99
68, 0.052548, 99
69, 0.027183, 99
70, 0.023447, 99
71, 0.025786, 99
72, 0.025075, 99
73, 0.023883, 99
74, 0.031699, 99
75, 0.064382, 99
76, 0.058960, 99
77, 0.038370, 99
78, 0.034386, 99
79, 0.057670, 99
80, 0.057211, 99
81, 0.039023, 99
82, 0.029297, 99
83, 0.042151, 99
84, 0.021361, 99
85, 0.029594, 99
86, 0.023457, 99
87, 0.039337, 99
88, 0.017061, 99
89, 0.030357, 99
90, 0.058178, 99
91, 0.045738, 99
92, 0.075165, 99
93, 0.056783, 99
94, 0.035811, 99
95, 0.051545, 99
96, 0.036833, 99
97, 0.053148, 99
98, 0.041057, 99
99, 0.046266, 99
100, 0.059522, 99
101, 0.070065, 99
102, 0.064666, 99
103, 0.031919, 99
104, 0.069021, 99
105, 0.070113, 99
106, 0.056391, 99
107, 0.043547, 99
108, 0.064129, 99
109, 0.056610, 99
110, 0.052029, 99
111, 0.047905, 99
112, 0.040129, 99
113, 0.040240, 99
114, 0.028196, 99
115, 0.033642, 99
116, 0.054251, 99
117, 0.053594, 99
118, 0.033053, 99
119, 0.041895, 99
120, 0.041356, 99
121, 0.030631, 99
122, 0.017734, 99
123, 0.046707, 99
124, 0.056146, 99
125, 0.040523, 99
126, 0.053560, 99
127, 0.039685, 99
128, 0.043019, 99
129, 0.043261, 99
130, 0.041799, 99
131, 0.041022, 99
132, 0.030015, 99
133, 0.054245, 99
134, 0.051749, 99
135, 0.055354, 99
136, 0.074966, 99
137, 0.077454, 99
138, 0.055370, 99
139, 0.047353, 99
140, 0.047680, 99
141, 0.033409, 99
142, 0.031239, 99
143, 0.039153, 99
144, 0.070684, 99
145, 0.032206, 99
146, 0.057682, 99
147, 0.051807, 99
148, 0.036241, 99
149, 0.041869, 99
150, 0.028961, 99
1, 0.034128, 99
2, 0.026904, 99
3, 0.036400, 99
4, 0.011071, 99
5, 0.012921, 99
6, 0.012230, 99
7, 0.038193, 99
8, 0.048428, 99
9, 0.041902, 99
10, 0.037755, 99
11, 0.041237, 99
12, 0.028879, 99
13, 0.053724, 99
14, 0.031084, 99
15, 0.035853, 99
16, 0.028769, 99
17, 0.021058, 99
18, 0.041704, 99
19, 0.030394, 99
20, 0.020927, 99
21, 0.056955, 99
22, 0.043574, 99
23, 0.079955, 99
24, 0.057173, 99
25, 0.050619, 99
26, 0.032084, 99
27, 0.044006, 99
28, 0.047974, 99
29, 0.021694, 99
30, 0.077401, 99
31, 0.065655, 99
32, 0.067289, 99
33, 0.040353, 99
34, 0.062019, 99
35, 0.039344, 99
36, 0.038254, 99
37, 0.048921, 99
38, 0.023370, 99
39, 0.021366, 99
40, 0.033179, 99
41, 0.292205, 99
42, 0.263005, 99
43, 0.187836, 99
44, 0.158032, 99
45, 0.172418, 99
46, 0.199105, 99
47, 0.020677, 99
48, 0.181509, 99
49, 0.083826, 99
50, 0.023097, 99
51, -0.003695, 99
52, 0.018653, 99
53, 0.033369, 99
54, 0.053654, 99
55, 0.047747, 99
56, 0.041978, 99
57, 0.044909, 99
58, 0.024138, 99
59, 0.018245, 99
60, 0.062063, 99
61, 0.035358, 99
62, 0.030897, 99
63, 0.030621, 99
64, 0.032960, 99
65, 0.052236, 99
66, 0.017224, 99
67, 0.057330, 99
68, 0.039306, 99
69, 0.030951, 99
70, 0.021897, 99
71, 0.031976, 99
72, 0.042948, 99
73, 0.007594, 99
74, 0.033392, 99
75, 0.060017, 99
76, 0.076764, 99
77, 0.050836, 99
78, 0.042964, 99
79, 0.061848, 99
80, 0.045585, 99
81, 0.044337, 99
82, 0.041778, 99
83, 0.035939, 99
84, 0.017923, 99
85, 0.035905, 99
86, 0.020803, 99
87, 0.038834, 99
88, 0.018710, 99
89, 0.032030, 99
90, 0.075323, 99
91, 0.057538, 99
92, 0.054383, 99
93, 0.054324, 99
94, 0.048846, 99
95, 0.058366, 99
96, 0.047738, 99
97, 0.043796, 99
98, 0.054061, 99
99, 0.053389, 99
100, 0.043240, 99
101, 0.046061, 99
102, 0.073260, 99
103, 0.055680, 99
104, 0.059352, 99
105, 0.066299, 99
106, 0.051743, 99
107, 0.039634, 99
108, 0.057956, 99
109, 0.047216, 99
110, 0.056073, 99
111, 0.060091, 99
112, 0.061270, 99
113, 0.037846, 99
114, 0.035429, 99
115, 0.050610, 99
116, 0.057933, 99
117, 0.051427, 99
118, 0.014086, 99
119, 0.022886, 99
120, 0.038889, 99
121, 0.028415, 99
122, 0.007899, 99
123, 0.039033, 99
124, 0.046670, 99
125, 0.039989, 99
126, 0.052571, 99
127, 0.060011, 99
128, 0.053492, 99
129, 0.028983, 99
130, 0.030267, 99
131, 0.039837, 99
132, 0.023291, 99
133, 0.042982, 99
134, 0.042259, 99
135, 0.048621, 99
136, 0.060223, 99
137, 0.061245, 99
138, 0.049876, 99
139, 0.048816, 99
140, 0.047675, 99
141, 0.026996, 99
142, 0.031597, 99
143, 0.051212, 99
144, 0.063885, 99
145, 0.032238, 99
146, 0.045557, 99
147, 0.048967, 99
148, 0.031861, 99
149, 0.036812, 99
150, 0.025353, 99
1, 0.027341, 99
2, 0.030083, 99
3, 0.033600, 99
4, 0.002525, 99
5, 0.008606, 99
6, 0.009345, 99
7, 0.023623, 99
8, 0.054682, 99
9, 0.047632, 99
10, 0.040732, 99
11, 0.029663, 99
12, 0.028611, 99
13, 0.051991, 99
14, 0.026431, 99
15, 0.027856, 99
16, 0.023530, 99
17, 0.042305, 99
18, 0.037605, 99
19, 0.022364, 99
20, 0.012899, 99
21, 0.074148, 99
22, 0.024443, 99
23, 0.043351, 99
24, 0.037975, 99
25, 0.077696, 99
26, 0.044961, 99
27, 0.041085, 99
28, 0.040170, 99
29, 0.029524, 99
30, 0.059315, 99
31, 0.064837, 99
32, 0.073290, 99
33, 0.043809, 99
34, 0.051491, 99
35, 0.029819, 99
36, 0.040949, 99
37, 0.052542, 99
38, 0.028008, 99
39, 0.014206, 99
40, 0.048789, 99
41, 0.057380, 99
42, 0.061360, 99
43, 0.039627, 99
44, 0.044383, 99
45, 0.021511, 99
46, 0.047527, 99
47, 0.000038, 99
48, 0.047725, 99
49, 0.020348, 99
50, -0.001880, 99
51, 0.040560, 99
52, 0.060485, 99
53, 0.022485, 99
54, 0.278029, 99
55, 0.297818, 99
56, 0.214544, 99
57, 0.164678, 99
58, 0.180876, 99
59, 0.105156, 99
60, 0.196847, 99
61, 0.024891, 99
62, 0.028515, 99
63, 0.032828, 99
64, 0.032949, 99
65, 0.054189, 99
66, 0.034032, 99
67, 0.072934, 99
68, 0.044218, 99
69, 0.014980, 99
70, 0.010006, 99
71, 0.032018, 99
72, 0.045078, 99
73, 0.011256, 99
74, 0.040991, 99
75, 0.050254, 99
76, 0.065360, 99
77, 0.048103, 99
78, 0.041210, 99
79, 0.047609, 99
80, 0.055790, 99
81, 0.041627, 99
82, 0.034581, 99
83, 0.032351, 99
84, 0.014511, 99
85, 0.038315, 99
86, 0.018020, 99
87, 0.028971, 99
88, 0.017753, 99
89, 0.026560, 99
90, 0.070070, 99
91, 0.046899, 99
92, 0.062537, 99
93, 0.058965, 99
94, 0.041684, 99
95, 0.071632, 99
96, 0.025904, 99
97, 0.041211, 99
98, 0.023691, 99
99, 0.045567, 99
100, 0.042038, 99
101, 0.083732, 99
102, 0.070702, 99
103, 0.047156, 99
104, 0.052686, 99
105, 0.060776, 99
106, 0.075111, 99
107, 0.036060, 99
108, 0.065675, 99
109, 0.056302, 99
110, 0.061362, 99
111, 0.064071, 99
112, 0.060641, 99
113, 0.033386, 99
114, 0.028738, 99
115, 0.054861, 99
116, 0.059770, 99
117, 0.049544, 99
118, 0.025861, 99
119, 0.029761, 99
120, 0.040111, 99
121, 0.032046, 99
122, 0.014685, 99
123, 0.040716, 99
124, 0.035642, 99
125, 0.034152, 99
126, 0.053941, 99
127, 0.044818, 99
128, 0.052745, 99
129, 0.042812, 99
130, 0.033374, 99
131, 0.034067, 99
132, 0.031078, 99
133, 0.040331, 99
134, 0.023717, 99
135, 0.060671, 99
136, 0.078969, 99
137, 0.079983, 99
138, 0.050653, 99
139, 0.056667, 99
140, 0.045414, 99
141, 0.032235, 99
142, 0.045587, 99
143, 0.042776, 99
144, 0.045870, 99
145, 0.030452, 99
146, 0.057885, 99
147, 0.050118, 99
148, 0.031485, 99
149, 0.029828, 99
150, 0.020072, 99
1, 0.009678, 99
2, 0.031842, 99
3, 0.020001, 99
4, 0.010430, 99
5, 0.018479, 99
6, 0.018675, 99
7, 0.028796, 99
8, 0.030148, 99
9, 0.034513, 99
10, 0.026775, 99
11, 0.021871, 99
12, 0.022189, 99
13, 0.050465, 99
14, 0.025484, 99
15, 0.036129, 99
16, 0.019026, 99
17, 0.025680, 99
18, 0.032383, 99
19, 0.021426, 99
20, 0.011229, 99
21, 0.040214, 99
22, 0.025727, 99
23, 0.039456, 99
24, 0.034660, 99
25, 0.048235, 99
26, 0.026937, 99
27, 0.040936, 99
28, 0.034517, 99
29, 0.020518, 99
30, 0.040069, 99
31, 0.043325, 99
32, 0.042889, 99
33, 0.042642, 99
34, 0.043889, 99
35, 0.026293, 99
36, 0.034936, 99
37, 0.035832, 99
38, 0.018776, 99
39, 0.003095, 99
40, 0.030044, 99
41, 0.038652, 99
42, 0.046956, 99
43, 0.035408, 99
44, 0.029776, 99
45, 0.018000, 99
46, 0.021637, 99
47, 0.008836, 99
48, 0.030520, 99
49, 0.022924, 99
50, 0.001925, 99
51, -0.002707, 99
52, 0.006630, 99
53, 0.001621, 99
54, 0.027664, 99
55, 0.028832, 99
56, 0.043264, 99
57, 0.027957, 99
58, 0.031903, 99
59, 0.018898, 99
60, 0.051009, 99
61, 0.160000, 99
62, 0.161322, 99
63, 0.120832, 99
64, 0.125125, 99
65, 0.123716, 99
66, 0.052821, 99
67, 0.219201, 99
68, 0.103637, 99
69, 0.127741, 99
70, 0.111235, 99
71, 0.026741, 99
72, 0.029290, 99
73, 0.021740, 99
74, 0.024223, 99
75, 0.048882, 99
76, 0.042262, 99
77, 0.038427, 99
78, 0.042593, 99
79, 0.051366, 99
80, 0.043440, 99
81, 0.035549, 99
82, 0.028644, 99
83, 0.042715, 99
84, 0.015670, 99
85, 0.020288, 99
86, 0.010890, 99
87, 0.035537, 99
88, 0.012988, 99
89, 0.014285, 99
90, 0.038066, 99
91, 0.046196, 99
92, 0.041645, 99
93, 0.046404, 99
94, 0.031189, 99
95, 0.031591, 99
96, 0.028877, 99
97, 0.027536, 99
98, 0.017353, 99
99, 0.044499, 99
100, 0.039454, 99
101, 0.046986, 99
102, 0.050278, 99
103, 0.026514, 99
104, 0.041732, 99
105, 0.050031, 99
106, 0.042596, 99
107, 0.033286, 99
108, 0.037361, 99
109, 0.041804, 99
110, 0.040233, 99
111, 0.037438, 99
112, 0.039415, 99
113, 0.032823, 99
114, 0.025570, 99
115, 0.035034, 99
116, 0.031762, 99
117, 0.043888, 99
118, 0.022599, 99
119, 0.028099, 99
120, 0.029060, 99
121, 0.020262, 99
122, 0.011520, 99
123, 0.032696, 99
124, 0.048403, 99
125, 0.036163, 99
126, 0.027900, 99
127, 0.032734, 99
128, 0.035881, 99
129, 0.031909, 99
130, 0.029009, 99
131, 0.028723, 99
132, 0.026480, 99
133, 0.037574, 99
134, 0.040995, 99
135, 0.043474, 99
136, 0.051670, 99
137, 0.044549, 99
138, 0.039200, 99
139, 0.044508, 99
140, 0.023155, 99
141, 0.029524, 99
142, 0.026235, 99
143, 0.021237, 99
144, 0.042923, 99
145, 0.033811, 99
146, 0.038325, 99
147, 0.032239, 99
148, 0.027519, 99
149, 0.040652, 99
150, 0.021391, 99
1, 0.026563, 99
2, 0.030397, 99
3, 0.039830, 99
4, 0.016642, 99
5, 0.004433, 99
6, 0.022895, 99
7, 0.042463, 99
8, 0.044741, 99
9, 0.055667, 99
10, 0.042722, 99
11, 0.036606, 99
12, 0.007560, 99
13, 0.055222, 99
14, 0.031997, 99
15, 0.034384, 99
16, 0.026266, 99
17, 0.044913, 99
18, 0.028423, 99
19, 0.032178, 99
20, 0.002668, 99
21, 0.060485, 99
22, 0.029008, 99
23, 0.055871, 99
24, 0.053968, 99
25, 0.076409, 99
26, 0.054621, 99
27, 0.047159, 99
28, 0.038886, 99
29, 0.034598, 99
30, 0.069463, 99
31, 0.053281, 99
32, 0.058952, 99
33, 0.048610, 99
34, 0.053935, 99
35, 0.027879, 99
36, 0.039337, 99
37, 0.043664, 99
38, 0.032984, 99
39, 0.009878, 99
40, 0.027581, 99
41, 0.063450, 99
42, 0.072318, 99
43, 0.035119, 99
44, 0.043528, 99
45, 0.035836, 99
46, 0.043083, 99
47, 0.010644, 99
48, 0.048747, 99
49, 0.022640, 99
50, -0.007117, 99
51, -0.004010, 99
52, 0.021961, 99
53, 0.020077, 99
54, 0.055485, 99
55, 0.043638, 99
56, 0.052719, 99
57, 0.050606, 99
58, 0.040525, 99
59, 0.031322, 99
60, 0.074477, 99
61, 0.035790, 99
62, 0.039517, 99
63, 0.032693, 99
64, 0.038011, 99
65, 0.054082, 99
66, 0.025031, 99
67, 0.071731, 99
68, 0.036532, 99
69, 0.036136, 99
70, 0.025923, 99
71, 0.102355, 99
72, 0.176417, 99
73, 0.099757, 99
74, 0.136128, 99
75, 0.222113, 99
76, 0.193523, 99
77, 0.159661, 99
78, 0.161276, 99
79, 0.223239, 99
80, 0.201076, 99
81, 0.048631, 99
82, 0.032441, 99
83, 0.056461, 99
84, 0.006251, 99
85, 0.024408, 99
86, 0.023425, 99
87, 0.036487, 99
88, 0.010509, 99
89, 0.034192, 99
90, 0.056610, 99
91, 0.037355, 99
92, 0.039500, 99
93, 0.061199, 99
94, 0.036906, 99
95, 0.040732, 99
96, 0.034923, 99
97, 0.045079, 99
98, 0.029710, 99
99, 0.040622, 99
100, 0.059471, 99
101, 0.065715, 99
102, 0.066937, 99
103, 0.036605, 99
104, 0.071527, 99
105, 0.061033, 99
106, 0.067487, 99
107, 0.042207, 99
108, 0.071127, 99
109, 0.042690, 99
110, 0.061584, 99
111, 0.069060, 99
112, 0.058194, 99
113, 0.028399, 99
114, 0.034596, 99
115, 0.036448, 99
116, 0.052971, 99
117, 0.064009, 99
118, 0.022535, 99
119, 0.028539, 99
120, 0.045565, 99
121, 0.023942, 99
122, 0.015570, 99
123, 0.059743, 99
124, 0.053175, 99
125, 0.029488, 99
126, 0.069701, 99
127, 0.041903, 99
128, 0.042142, 99
129, 0.041598, 99
130, 0.031203, 99
131, 0.041242, 99
132, 0.032583, 99
133, 0.040824, 99
134, 0.041920, 99
135, 0.067948, 99
136, 0.066886, 99
137, 0.063418, 99
138, 0.066096, 99
139, 0.053425, 99
140, 0.042154, 99
141, 0.040416, 99
142, 0.034914, 99
143, 0.041073, 99
144, 0.071780, 99
145, 0.036342, 99
146, 0.051785, 99
147, 0.036635, 99
148, 0.025521, 99
149, 0.038331, 99
150, 0.015695, 99
1, 0.024064, 99
2, 0.027129, 99
3, 0.034235, 99
4, 0.015238, 99
5, 0.019105, 99
6, 0.027229, 99
7, 0.040647, 99
8, 0.033595, 99
9, 0.036929, 99
10, 0.058862, 99
11, 0.033159, 99
12, 0.031124, 99
13, 0.046050, 99
14, 0.039820, 99
15, 0.027251, 99
16, 0.021588, 99
17, 0.035274, 99
18, 0.035827, 99
19, 0.033188, 99
20, 0.009909, 99
21, 0.037956, 99
22, 0.026396, 99
23, 0.032258, 99
24, 0.026398, 99
25, 0.044192, 99
26, 0.035145, 99
27, 0.028933, 99
28, 0.019227, 99
29, 0.020690, 99
30, 0.042802, 99
31, 0.048985, 99
32, 0.040331, 99
33, 0.019933, 99
34, 0.034512, 99
35, 0.023702, 99
36, 0.027662, 99
37, 0.034370, 99
38, 0.020686, 99
39, 0.009571, 99
40, 0.019114, 99
41, 0.044295, 99
42, 0.036393, 99
43, 0.032737, 99
44, 0.026577, 99
45, 0.032632, 99
46, 0.027659, 99
47, 0.006910, 99
48, 0.037830, 99
49, 0.033761, 99
50, 0.022563, 99
51, 0.009921, 99
52, 0.027316, 99
53, 0.007082, 99
54, 0.038763, 99
55, 0.032225, 99
56, 0.028377, 99
57, 0.043843, 99
58, 0.028712, 99
59, 0.017314, 99
60, 0.036458, 99
61, 0.019716, 99
62, 0.024566, 99
63, 0.021654, 99
64, 0.019681, 99
65, 0.040682, 99
66, 0.017855, 99
67, 0.049025, 99
68, 0.028444, 99
69, 0.022121, 99
70, 0.018387, 99
71, 0.012352, 99
72, 0.031439, 99
73, 0.011302, 99
74, 0.021204, 99
75, 0.042472, 99
76, 0.034579, 99
77, 0.037228, 99
78, 0.031697, 99
79, 0.048317, 99
80, 0.034182, 99
81, 0.223578, 99
82, 0.104300, 99
83, 0.165351, 99
84, 0.070430, 99
85, 0.159786, 99
86, 0.098295, 99
87, 0.181230, 99
88, 0.091863, 99
89, 0.153205, 99
90, 0.130660, 99
91, 0.031550, 99
92, 0.049549, 99
93, 0.039412, 99
94, 0.039171, 99
95, 0.039621, 99
96, 0.024416, 99
97, 0.025537, 99
98, 0.015669, 99
99, 0.027401, 99
100, 0.024590, 99
101, 0.032537, 99
102, 0.042023, 99
103, 0.027462, 99
104, 0.033885, 99
105, 0.035244, 99
106, 0.034042, 99
107, 0.026465, 99
108, 0.042333, 99
109, 0.034915, 99
110, 0.047577, 99
111, 0.030325, 99
112, 0.029191, 99
113, 0.013724, 99
114, 0.020360, 99
115, 0.029350, 99
116, 0.026779, 99
117, 0.037624, 99
118, 0.019950, 99
119, 0.020592, 99
120, 0.036021, 99
121, 0.035013, 99
122, 0.008897, 99
123, 0.041753, 99
124, 0.037256, 99
125, 0.026867, 99
126, 0.015696, 99
127, 0.026247, 99
128, 0.032458, 99
129, 0.026910, 99
130, 0.020889, 99
131, 0.030889, 99
132, 0.038313, 99
133, 0.034057, 99
134, 0.025022, 99
135, 0.038044, 99
136, 0.050701, 99
137, 0.052187, 99
138, 0.032681, 99
139, 0.035366, 99
140, 0.025920, 99
141, 0.023013, 99
142, 0.013258, 99
143, 0.032554, 99
144, 0.042768, 99
145, 0.034361, 99
146, 0.026413, 99
147, 0.038829, 99
148, 0.030753, 99
149, 0.027649, 99
150, 0.006905, 99
1, 0.018240, 99
2, 0.030930, 99
3, 0.027295, 99
4, 0.006691, 99
5, 0.010961, 99
6, 0.014324, 99
7, 0.042905, 99
8, 0.060528, 99
9, 0.046954, 99
10, 0.043833, 99
11, 0.038471, 99
12, 0.034066, 99
13, 0.052672, 99
14, 0.024080, 99
15, 0.045589, 99
16, 0.042359, 99
17, 0.061171, 99
18, 0.054945, 99
19, 0.052230, 99
20, 0.003090, 99
21, 0.070694, 99
22, 0.027518, 99
23, 0.049854, 99
24, 0.040158, 99
25, 0.058628, 99
26, 0.041807, 99
27, 0.054277, 99
28, 0.050456, 99
29, 0.033331, 99
30, 0.064587, 99
31, 0.067385, 99
32, 0.079825, 99
33, 0.041445, 99
34, 0.071313, 99
35, 0.044409, 99
36, 0.037572, 99
37, 0.049879, 99
38, 0.031836, 99
39, 0.011127, 99
40, 0.037282, 99
41, 0.063465, 99
42, 0.064448, 99
43, 0.062850, 99
44, 0.050952, 99
45, 0.037524, 99
46, 0.029721, 99
47, 0.006266, 99
48, 0.046659, 99
49, 0.018644, 99
50, 0.015256, 99
51, 0.012215, 99
52, 0.020202, 99
53, -0.006795, 99
54, 0.051180, 99
55, 0.040464, 99
56, 0.060644, 99
57, 0.045243, 99
58, 0.039886, 99
59, 0.024323, 99
60, 0.076687, 99
61, 0.024740, 99
62, 0.021909, 99
63, 0.035649, 99
64, 0.036814, 99
65, 0.043070, 99
66, 0.026322, 99
67, 0.066076, 99
68, 0.039777, 99
69, 0.040598, 99
70, 0.034386, 99
71, 0.030657, 99
72, 0.021915, 99
73, 0.015009, 99
74, 0.031390, 99
75, 0.076246, 99
76, 0.065696, 99
77, 0.049631, 99
78, 0.040187, 99
79, 0.038997, 99
80, 0.043713, 99
81, 0.041531, 99
82, 0.033531, 99
83, 0.046059, 99
84, 0.030327, 99
85, 0.025336, 99
86, 0.015153, 99
87, 0.034416, 99
88, 0.010551, 99
89, 0.035803, 99
90, 0.055140, 99
91, 0.208267, 99
92, 0.210435, 99
93, 0.213249, 99
94, 0.129072, 99
95, 0.208691, 99
96, 0.104567, 99
97, 0.153265, 99
98, 0.143766, 99
99, 0.129305, 99
100, 0.221764, 99
101, 0.071313, 99
102, 0.075873, 99
103, 0.050268, 99
104, 0.059369, 99
105, 0.072750, 99
106, 0.056209, 99
107, 0.038613, 99
108, 0.059152, 99
109, 0.050942, 99
110, 0.067092, 99
111, 0.066064, 99
112, 0.050484, 99
113, 0.041017, 99
114, 0.050191, 99
115, 0.051182, 99
116, 0.049418, 99
117, 0.063595, 99
118, 0.024962, 99
119, 0.035923, 99
120, 0.060235, 99
121, 0.030757, 99
122, 0.011438, 99
123, 0.062751, 99
124, 0.056745, 99
125, 0.029318, 99
126, 0.054636, 99
127, 0.032358, 99
128, 0.052679, 99
129, 0.048431, 99
130, 0.051850, 99
131, 0.039927, 99
132, 0.018787, 99
133, 0.038816, 99
134, 0.044726, 99
135, 0.060025, 99
136, 0.085427, 99
137, 0.063460, 99
138, 0.060531, 99
139, 0.053499, 99
140, 0.041647, 99
141, 0.042192, 99
142, 0.034842, 99
143, 0.047982, 99
144, 0.092243, 99
145, 0.036321, 99
146, 0.046241, 99
147, 0.055534, 99
148, 0.031277, 99
149, 0.045088, 99
150, 0.017945, 99
1, 0.040451, 99
2, 0.061698, 99
3, 0.058442, 99
4, 0.016211, 99
5, 0.011214, 99
6, 0.017413, 99
7, 0.048694, 99
8, 0.066511, 99
9, 0.063029, 99
10, 0.037896, 99
11, 0.027678, 99
12, 0.027407, 99
13, 0.062297, 99
14, 0.028973, 99
15, 0.051831, 99
16, 0.031193, 99
17, 0.046655, 99
18, 0.045322, 99
19, 0.026763, 99
20, 0.008286, 99
21, 0.081443, 99
22, 0.044600, 99
23, 0.062232, 99
24, 0.059196, 99
25, 0.077908, 99
26, 0.052344, 99
27, 0.049667, 99
28, 0.058134, 99
29, 0.039402, 99
30, 0.091826, 99
31, 0.088952, 99
32, 0.084894, 99
33, 0.056964, 99
34, 0.062541, 99
35, 0.044059, 99
36, 0.051889, 99
37, 0.072091, 99
38, 0.026590, 99
39, 0.012046, 99
40, 0.043956, 99
41, 0.074075, 99
42, 0.079655, 99
43, 0.056416, 99
44, 0.046710, 99
45, 0.049299, 99
46, 0.049483, 99
47, 0.014545, 99
48, 0.061834, 99
49, 0.033039, 99
50, 0.027188, 99
51, -0.006845, 99
52, 0.026430, 99
53, 0.003653, 99
54, 0.069872, 99
55, 0.065351, 99
56, 0.092389, 99
57, 0.066419, 99
58, 0.060688, 99
59, 0.022048, 99
60, 0.095380, 99
61, 0.038133, 99
62, 0.027748, 99
63, 0.053879, 99
64, 0.042749, 99
65, 0.073001, 99
66, 0.015348, 99
67, 0.099768, 99
68, 0.045348, 99
69, 0.036866, 99
70, 0.035162, 99
71, 0.033197, 99
72, 0.065599, 99
73, 0.021513, 99
74, 0.033239, 99
75, 0.073724, 99
76, 0.088538, 99
77, 0.069850, 99
78, 0.040877, 99
79, 0.075788, 99
80, 0.090161, 99
81, 0.055803, 99
82, 0.038353, 99
83, 0.061150, 99
84, 0.024192, 99
85, 0.024412, 99
86, 0.034302, 99
87, 0.041063, 99
88, 0.005120, 99
89, 0.027098, 99
90, 0.076197, 99
91, 0.053697, 99
92, 0.100096, 99
93, 0.071676, 99
94, 0.068478, 99
95, 0.057553, 99
96, 0.035478, 99
97, 0.049385, 99
98, 0.042693, 99
99, 0.047717, 99
100, 0.081890, 99
101, 0.213363, 99
102, 0.244580, 99
103, 0.117206, 99
104, 0.229525, 99
105, 0.239260, 99
106, 0.272021, 99
107, 0.129921, 99
108, 0.169667, 99
109, 0.188787, 99
110, 0.237158, 99
111, 0.063936, 99
112, 0.074565, 99
113, 0.043833, 99
114, 0.032212, 99
115, 0.062605, 99
116, 0.063337, 99
117, 0.081335, 99
118, 0.017695, 99
119, 0.044299, 99
120, 0.058075, 99
121, 0.039232, 99
122, 0.014565, 99
123, 0.059835, 99
124, 0.072955, 99
125, 0.041573, 99
126, 0.071855, 99
127, 0.052418, 99
128, 0.058490, 99
129, 0.064851, 99
130, 0.048028, 99
131, 0.059425, 99
132, 0.029887, 99
133, 0.063870, 99
134, 0.059676, 99
135, 0.091500, 99
136, 0.117083, 99
137, 0.111607, 99
138, 0.074085, 99
139, 0.083332, 99
140, 0.058499, 99
141, 0.051357, 99
142, 0.044099, 99
143, 0.059733, 99
144, 0.095333, 99
145, 0.051920, 99
146, 0.074390, 99
147, 0.064001, 99
148, 0.046445, 99
149, 0.049915, 99
150, 0.020015, 99
1, 0.028068, 99
2, 0.040093, 99
3, 0.040491, 99
4, 0.013032, 99
5, 0.009332, 99
6, 0.023560, 99
7, 0.040217, 99
8, 0.059941, 99
9, 0.031795, 99
10, 0.039903, 99
11, 0.040709, 99
12, 0.029257, 99
13, 0.062936, 99
14, 0.015383, 99
15, 0.025484, 99
16, 0.030281, 99
17, 0.041587, 99
18, 0.036156, 99
19, 0.031211, 99
20, -0.001608, 99
21, 0.050730, 99
22, 0.032281, 99
23, 0.044920, 99
24, 0.044392, 99
25, 0.064974, 99
26, 0.047331, 99
27, 0.042158, 99
28, 0.048554, 99
29, 0.039440, 99
30, 0.085231, 99
31, 0.056502, 99
32, 0.059596, 99
33, 0.039034, 99
34, 0.056801, 99
35, 0.047613, 99
36, 0.030006, 99
37, 0.052565, 99
38, 0.035819, 99
39, 0.017631, 99
40, 0.020732, 99
41, 0.068122, 99
42, 0.047151, 99
43, 0.056903, 99
44, 0.048874, 99
45, 0.034499, 99
46, 0.044508, 99
47, 0.016117, 99
48, 0.054778, 99
49, 0.029300, 99
50, 0.020940, 99
51, -0.005926, 99
52, 0.005058, 99
53, 0.020292, 99
54, 0.074518, 99
55, 0.062970, 99
56, 0.045384, 99
57, 0.036939, 99
58, 0.043594, 99
59, 0.027655, 99
60, 0.063255, 99
61, 0.031718, 99
62, 0.032997, 99
63, 0.036212, 99
64, 0.026329, 99
65, 0.039244, 99
66, 0.029323, 99
67, 0.066540, 99
68, 0.049078, 99
69, 0.042188, 99
70, 0.026143, 99
71, 0.034967, 99
72, 0.027035, 99
73, 0.010468, 99
74, 0.049010, 99
75, 0.076705, 99
76, 0.065000, 99
77, 0.050985, 99
78, 0.041242, 99
79, 0.060295, 99
80, 0.047973, 99
81, 0.033627, 99
82, 0.019711, 99
83, 0.059894, 99
84, 0.024145, 99
85, 0.026045, 99
86, 0.018463, 99
87, 0.037817, 99
88, 0.008448, 99
89, 0.030339, 99
90, 0.053621, 99
91, 0.055821, 99
92, 0.053753, 99
93, 0.069480, 99
94, 0.043249, 99
95, 0.051355, 99
96, 0.045471, 99
97, 0.046355, 99
98, 0.039717, 99
99, 0.050596, 99
100, 0.060695, 99
101, 0.076564, 99
102, 0.068752, 99
103, 0.049150, 99
104, 0.052765, 99
105, 0.062185, 99
106, 0.043119, 99
107, 0.040377, 99
108, 0.059777, 99
109, 0.043017, 99
110, 0.058854, 99
111, 0.242610, 99
112, 0.264494, 99
113, 0.119182, 99
114, 0.089369, 99
115, 0.138601, 99
116, 0.197628, 99
117, 0.241302, 99
118, 0.084572, 99
119, 0.103655, 99
120, 0.181212, 99
121, 0.024617, 99
122, 0.019767, 99
123, 0.048114, 99
124, 0.045696, 99
125, 0.035091, 99
126, 0.057827, 99
127, 0.043099, 99
128, 0.042174, 99
129, 0.048087, 99
130, 0.036220, 99
131, 0.039248, 99
132, 0.027907, 99
133, 0.025670, 99
134, 0.036906, 99
135, 0.066628, 99
136, 0.059839, 99
137, 0.069033, 99
138, 0.060467, 99
139, 0.047848, 99
140, 0.047795, 99
141, 0.033473, 99
142, 0.032875, 99
143, 0.036870, 99
144, 0.059648, 99
145, 0.059162, 99
146, 0.037752, 99
147, 0.044389, 99
148, 0.037616, 99
149, 0.035909, 99
150, 0.023813, 99
1, 0.028086, 99
2, 0.039359, 99
3, 0.039711, 99
4, 0.012777, 99
5, 0.023858, 99
6, 0.007790, 99
7, 0.033349, 99
8, 0.045087, 99
9, 0.043915, 99
10, 0.031884, 99
11, 0.031501, 99
12, 0.033286, 99
13, 0.049933, 99
14, 0.023780, 99
15, 0.027999, 99
16, 0.028954, 99
17, 0.044297, 99
18, 0.035001, 99
19, 0.036517, 99
20, 0.008918, 99
21, 0.049234, 99
22, 0.030390, 99
23, 0.057395, 99
24, 0.041387, 99
25, 0.036303, 99
26, 0.050878, 99
27, 0.048256, 99
28, 0.038789, 99
29, 0.034793, 99
30, 0.061775, 99
31, 0.062223, 99
32, 0.049738, 99
33, 0.036354, 99
34, 0.053204, 99
35, 0.034534, 99
36, 0.019653, 99
37, 0.046936, 99
38, 0.020328, 99
39, 0.017286, 99
40, 0.036363, 99
41, 0.046916, 99
42, 0.054071, 99
43, 0.043040, 99
44, 0.028989, 99
45, 0.026180, 99
46, 0.037064, 99
47, 0.013099, 99
48, 0.039240, 99
49, 0.021032, 99
50, -0.004430, 99
51, 0.018387, 99
52, 0.009223, 99
53, 0.008930, 99
54, 0.042878, 99
55, 0.040428, 99
56, 0.050168, 99
57, 0.039569, 99
58, 0.038160, 99
59, 0.020164, 99
60, 0.048437, 99
61, 0.027347, 99
62, 0.036386, 99
63, 0.034784, 99
64, 0.024244, 99
65, 0.039344, 99
66, 0.024110, 99
67, 0.057414, 99
68, 0.042879, 99
69, 0.025991, 99
70, 0.017207, 99
71, 0.023352, 99
72, 0.038499, 99
73, 0.018500, 99
74, 0.039620, 99
75, 0.047706, 99
76, 0.045968, 99
77, 0.050610, 99
78, 0.040783, 99
79, 0.053220, 99
80, 0.050732, 99
81, 0.031864, 99
82, 0.027075, 99
83, 0.034985, 99
84, 0.008055, 99
85, 0.025049, 99
86, 0.024487, 99
87, 0.040257, 99
88, 0.005432, 99
89, 0.018512, 99
90, 0.042939, 99
91, 0.050898, 99
92, 0.061323, 99
93, 0.050074, 99
94, 0.028966, 99
95, 0.043223, 99
96, 0.032335, 99
97, 0.034022, 99
98, 0.030747, 99
99, 0.043097, 99
100, 0.052764, 99
101, 0.054728, 99
102, 0.064639, 99
103, 0.043138, 99
104, 0.046751, 99
105, 0.062983, 99
106, 0.060845, 99
107, 0.034914, 99
108, 0.046512, 99
109, 0.038056, 99
110, 0.046967, 99
111, 0.053179, 99
112, 0.040161, 99
113, 0.030133, 99
114, 0.027136, 99
115, 0.039150, 99
116, 0.042790, 99
117, 0.045457, 99
118, 0.019994, 99
119, 0.027173, 99
120, 0.048500, 99
121, 0.096549, 99
122, 0.068122, 99
123, 0.164171, 99
124, 0.184415, 99
125, 0.160005, 99
126, 0.170614, 99
127, 0.192356, 99
128, 0.201982, 99
129, 0.144641, 99
130, 0.150715, 99
131, 0.029635, 99
132, 0.033181, 99
133, 0.045476, 99
134, 0.055054, 99
135, 0.047187, 99
136, 0.062026, 99
137, 0.056042, 99
138, 0.050736, 99
139, 0.053803, 99
140, 0.037335, 99
141, 0.024326, 99
142, 0.030847, 99
143, 0.034150, 99
144, 0.059889, 99
145, 0.034551, 99
146, 0.041788, 99
147, 0.043214, 99
148, 0.025820, 99
149, 0.036546, 99
150, 0.023293, 99
1, 0.030720, 99
2, 0.039044, 99
3, 0.049472, 99
4, 0.014029, 99
5, 0.003697, 99
6, 0.022566, 99
7, 0.056060, 99
8, 0.057179, 99
9, 0.051363, 99
10, 0.046162, 99
11, 0.040108, 99
12, 0.039638, 99
13, 0.054750, 99
14, 0.032999, 99
15, 0.049453, 99
16, 0.033542, 99
17, 0.052940, 99
18, 0.048504, 99
19, 0.031867, 99
20, 0.006198, 99
21, 0.071166, 99
22, 0.048856, 99
23, 0.057320, 99
24, 0.060986, 99
25, 0.083524, 99
26, 0.043610, 99
27, 0.044141, 99
28, 0.043849, 99
29, 0.038541, 99
30, 0.088444, 99
31, 0.070940, 99
32, 0.076522, 99
33, 0.057592, 99
34, 0.066620, 99
35, 0.048965, 99
36, 0.050172, 99
37, 0.065545, 99
38, 0.036364, 99
39, 0.022799, 99
40, 0.026086, 99
41, 0.059984, 99
42, 0.057864, 99
43, 0.059164, 99
44, 0.043253, 99
45, 0.048766, 99
46, 0.047935, 99
47, 0.015412, 99
48, 0.048148, 99
49, 0.025607, 99
50, -0.003272, 99
51, 0.017454, 99
52, 0.018699, 99
53, 0.008918, 99
54, 0.049029, 99
55, 0.053541, 99
56, 0.076296, 99
57, 0.065532, 99
58, 0.051912, 99
59, 0.020739, 99
60, 0.086437, 99
61, 0.030052, 99
62, 0.034035, 99
63, 0.041135, 99
64, 0.032293, 99
65, 0.050965, 99
66, 0.032674, 99
67, 0.115733, 99
68, 0.035016, 99
69, 0.037799, 99
70, 0.031358, 99
71, 0.043502, 99
72, 0.057036, 99
73, 0.025594, 99
74, 0.042865, 99
75, 0.072542, 99
76, 0.066850, 99
77, 0.042153, 99
78, 0.044238, 99
79, 0.068122, 99
80, 0.076470, 99
81, 0.052697, 99
82, 0.048819, 99
83, 0.052850, 99
84, 0.019232, 99
85, 0.030863, 99
86, 0.024795, 99
87, 0.054586, 99
88, 0.014456, 99
89, 0.034473, 99
90, 0.051109, 99
91, 0.065587, 99
92, 0.088718, 99
93, 0.063715, 99
94, 0.053715, 99
95, 0.045156, 99
96, 0.042030, 99
97, 0.039027, 99
98, 0.036477, 99
99, 0.044120, 99
100, 0.066734, 99
101, 0.069521, 99
102, 0.088845, 99
103, 0.056224, 99
104, 0.089052, 99
105, 0.090776, 99
106, 0.085266, 99
107, 0.057289, 99
108, 0.079467, 99
109, 0.068485, 99
110, 0.067592, 99
111, 0.069905, 99
112, 0.056618, 99
113, 0.045038, 99
114, 0.028813, 99
115, 0.043348, 99
116, 0.043516, 99
117, 0.064231, 99
118, 0.042370, 99
119, 0.040596, 99
120, 0.059767, 99
121, 0.043298, 99
122, 0.015081, 99
123, 0.053264, 99
124, 0.075073, 99
125, 0.054419, 99
126, 0.061189, 99
127, 0.054027, 99
128, 0.055253, 99
129, 0.049858, 99
130, 0.033689, 99
131, 0.166828, 99
132, 0.110389, 99
133, 0.144430, 99
134, 0.197068, 99
135, 0.228952, 99
136, 0.239797, 99
137, 0.270869, 99
138, 0.181003, 99
139, 0.237839, 99
140, 0.159827, 99
141, 0.050452, 99
142, 0.047198, 99
143, 0.057747, 99
144, 0.081697, 99
145, 0.033329, 99
146, 0.064176, 99
147, 0.064269, 99
148, 0.044756, 99
149, 0.047021, 99
150, 0.022651, 99
1, 0.030390, 99
2, 0.035671, 99
3, 0.037560, 99
4, 0.010893, 99
5, -0.001876, 99
6, 0.007720, 99
7, 0.037707, 99
8, 0.055503, 99
9, 0.046647, 99
10, 0.044815, 99
11, 0.026713, 99
12, 0.024647, 99
13, 0.054451, 99
14, 0.029506, 99
15, 0.030708, 99
16, 0.022370, 99
17, 0.042376, 99
18, 0.044931, 99
19, 0.026242, 99
20, 0.008014, 99
21, 0.046917, 99
22, 0.032315, 99
23, 0.047735, 99
24, 0.048347, 99
25, 0.050790, 99
26, 0.035286, 99
27, 0.047435, 99
28, 0.045303, 99
29, 0.027517, 99
30, 0.056377, 99
31, 0.044674, 99
32, 0.063381, 99
33, 0.036997, 99
34, 0.054432, 99
35, 0.037568, 99
36, 0.036964, 99
37, 0.037288, 99
38, 0.017425, 99
39, 0.018028, 99
40, 0.030032, 99
41, 0.047810, 99
42, 0.044889, 99
43, 0.045315, 99
44, 0.039901, 99
45, 0.032279, 99
46, 0.033029, 99
47, 0.016770, 99
48, 0.054948, 99
49, 0.023040, 99
50, 0.016833, 99
51, 0.003723, 99
52, 0.020205, 99
53, 0.003791, 99
54, 0.046789, 99
55, 0.042321, 99
56, 0.051720, 99
57, 0.049885, 99
58, 0.033066, 99
59, 0.016488, 99
60, 0.059946, 99
61, 0.029238, 99
62, 0.028625, 99
63, 0.036065, 99
64, 0.029649, 99
65, 0.040827, 99
66, 0.027805, 99
67, 0.070001, 99
68, 0.028606, 99
69, 0.029788, 99
70, 0.017667, 99
71, 0.015254, 99
72, 0.036520, 99
73, 0.027365, 99
74, 0.034581, 99
75, 0.061127, 99
76, 0.051342, 99
77, 0.045688, 99
78, 0.043484, 99
79, 0.045550, 99
80, 0.044508, 99
81, 0.041954, 99
82, 0.034105, 99
83, 0.046515, 99
84, 0.008323, 99
85, 0.028031, 99
86, 0.025508, 99
87, 0.027310, 99
88, 0.016471, 99
89, 0.028426, 99
90, 0.057139, 99
91, 0.057983, 99
92, 0.059667, 99
93, 0.054957, 99
94, 0.045018, 99
95, 0.045068, 99
96, 0.030820, 99
97, 0.024225, 99
98, 0.031808, 99
99, 0.051774, 99
100, 0.047803, 99
101, 0.057715, 99
102, 0.052352, 99
103, 0.040708, 99
104, 0.060047, 99
105, 0.062827, 99
106, 0.052998, 99
107, 0.044008, 99
108, 0.068241, 99
109, 0.041159, 99
110, 0.051109, 99
111, 0.038800, 99
112, 0.051180, 99
113, 0.040169, 99
114, 0.025313, 99
115, 0.044865, 99
116, 0.040641, 99
117, 0.054831, 99
118, 0.024397, 99
119, 0.030250, 99
120, 0.046465, 99
121, 0.029346, 99
122, 0.015752, 99
123, 0.040730, 99
124, 0.048030, 99
125, 0.040310, 99
126, 0.052357, 99
127, 0.042887, 99
128, 0.031235, 99
129, 0.046295, 99
130, 0.031024, 99
131, 0.042646, 99
132, 0.029059, 99
133, 0.041318, 99
134, 0.037277, 99
135, 0.051485, 99
136, 0.077984, 99
137, 0.063809, 99
138, 0.056780, 99
139, 0.054268, 99
140, 0.046854, 99
141, 0.128776, 99
142, 0.130538, 99
143, 0.123098, 99
144, 0.215839, 99
145, 0.122096, 99
146, 0.155117, 99
147, 0.224674, 99
148, 0.140129, 99
149, 0.200144, 99
150, 0.074198, 99
