1, 0.463868, 99
2, 0.608471, 99
3, 0.498995, 99
4, 0.638751, 99
5, 0.653076, 99
6, 0.610608, 99
7, 0.336759, 99
8, 0.540038, 99
9, 0.580188, 99
10, 0.085902, 99
11, 0.083758, 99
12, 0.101388, 99
13, 0.144009, 99
14, 0.086896, 99
15, 0.092743, 99
16, 0.096613, 99
17, 0.064412, 99
18, 0.080037, 99
19, 0.078275, 99
20, 0.052892, 99
21, 0.092090, 99
22, 0.070587, 99
23, 0.119950, 99
24, 0.070086, 99
25, 0.093945, 99
26, 0.077042, 99
27, 0.070565, 99
28, 0.107899, 99
29, 0.091506, 99
30, 0.098739, 99
31, 0.123168, 99
32, 0.102948, 99
33, 0.068650, 99
34, 0.112476, 99
35, 0.084400, 99
36, 0.067305, 99
37, 0.116114, 99
38, 0.053047, 99
39, 0.066641, 99
40, 0.066062, 99
41, 0.091058, 99
42, 0.096113, 99
43, 0.093022, 99
44, 0.069416, 99
45, 0.096542, 99
46, 0.090959, 99
47, 0.045764, 99
48, 0.113751, 99
49, 0.055686, 99
50, 0.063499, 99
51, 0.045372, 99
52, 0.060391, 99
53, 0.044953, 99
54, 0.079147, 99
55, 0.087650, 99
56, 0.097533, 99
57, 0.094972, 99
58, 0.089017, 99
59, 0.044728, 99
60, 0.111336, 99
61, 0.107581, 99
62, 0.105996, 99
63, 0.113954, 99
64, 0.086253, 99
65, 0.091631, 99
66, 0.079746, 99
67, 0.123181, 99
68, 0.072742, 99
69, 0.062878, 99
70, 0.076406, 99
71, 0.054346, 99
72, 0.060561, 99
73, 0.051930, 99
74, 0.083597, 99
75, 0.094979, 99
76, 0.096764, 99
77, 0.130555, 99
78, 0.106624, 99
79, 0.150195, 99
80, 0.136064, 99
81, 0.110245, 99
82, 0.139665, 99
83, 0.095753, 99
84, 0.059901, 99
85, 0.074882, 99
86, 0.080044, 99
87, 0.090621, 99
88, 0.063341, 99
89, 0.059433, 99
90, 0.104717, 99
91, 0.092778, 99
92, 0.098893, 99
93, 0.115162, 99
94, 0.118998, 99
95, 0.086744, 99
96, 0.067043, 99
97, 0.096935, 99
98, 0.051585, 99
99, 0.120088, 99
100, 0.090851, 99
101, 0.093511, 99
102, 0.121677, 99
103, 0.110379, 99
104, 0.112084, 99
105, 0.109751, 99
106, 0.113084, 99
107, 0.089699, 99
108, 0.112764, 99
109, 0.079611, 99
110, 0.154167, 99
111, 0.092634, 99
112, 0.091650, 99
113, 0.051723, 99
114, 0.084819, 99
115, 0.099122, 99
116, 0.087746, 99
117, 0.096218, 99
118, 0.068793, 99
119, 0.100816, 99
120, 0.101075, 99
121, 0.076125, 99
122, 0.075359, 99
123, 0.120783, 99
124, 0.098286, 99
125, 0.069758, 99
126, 0.071971, 99
127, 0.081599, 99
128, 0.088052, 99
129, 0.109542, 99
130, 0.113128, 99
131, 0.095701, 99
132, 0.084423, 99
133, 0.113545, 99
134, 0.090981, 99
135, 0.125038, 99
1, 0.095889, 99
2, 0.081854, 99
3, 0.060164, 99
4, 0.063092, 99
5, 0.074764, 99
6, 0.070331, 99
7, 0.120636, 99
8, 0.138413, 99
9, 0.125576, 99
10, 0.381583, 99
11, 0.539705, 99
12, 0.461542, 99
13, 0.425633, 99
14, 0.492358, 99
15, 0.462185, 99
16, 0.356851, 99
17, 0.391882, 99
18, 0.362193, 99
19, 0.115490, 99
20, 0.073248, 99
21, -0.058209, 99
22, 0.100538, 99
23, 0.103011, 99
24, 0.090116, 99
25, -0.058731, 99
26, 0.094924, 99
27, 0.106208, 99
28, 0.120426, 99
29, 0.072442, 99
30, -0.075200, 99
31, -0.062705, 99
32, 0.139700, 99
33, -0.048734, 99
34, 0.141136, 99
35, 0.095609, 99
36, 0.061959, 99
37, 0.104979, 99
38, 0.054886, 99
39, 0.055646, 99
40, 0.069167, 99
41, 0.118454, 99
42, 0.128911, 99
43, 0.133986, 99
44, 0.008172, 99
45, 0.115955, 99
46, 0.087240, 99
47, 0.052331, 99
48, 0.074860, 99
49, 0.072583, 99
50, 0.057682, 99
51, 0.035882, 99
52, 0.067154, 99
53, 0.065281, 99
54, 0.091472, 99
55, 0.075818, 99
56, 0.096734, 99
57, 0.106211, 99
58, 0.093755, 99
59, 0.051894, 99
60, 0.159964, 99
61, 0.083106, 99
62, 0.068740, 99
63, 0.096183, 99
64, 0.080760, 99
65, 0.099061, 99
66, 0.102312, 99
67, 0.129357, 99
68, 0.078557, 99
69, 0.105542, 99
70, 0.096586, 99
71, 0.070881, 99
72, 0.044311, 99
73, 0.044304, 99
74, -0.035627, 99
75, 0.127864, 99
76, 0.139750, 99
77, 0.090739, 99
78, 0.098682, 99
79, 0.137167, 99
80, 0.110754, 99
81, -0.060598, 99
82, 0.093937, 99
83, 0.102731, 99
84, 0.089838, 99
85, 0.111995, 99
86, 0.087280, 99
87, 0.098617, 99
88, 0.065342, 99
89, 0.094848, 99
90, 0.114382, 99
91, 0.104166, 99
92, 0.082593, 99
93, 0.105768, 99
94, 0.090376, 99
95, 0.130207, 99
96, 0.136096, 99
97, 0.143178, 99
98, 0.091637, 99
99, 0.108049, 99
100, 0.122989, 99
101, 0.113429, 99
102, 0.124326, 99
103, 0.092840, 99
104, -0.045130, 99
105, 0.122807, 99
106, 0.089198, 99
107, 0.123506, 99
108, 0.120792, 99
109, 0.100840, 99
110, 0.020633, 99
111, -0.053223, 99
112, 0.106549, 99
113, -0.043116, 99
114, 0.086841, 99
115, 0.074631, 99
116, 0.087019, 99
117, 0.121951, 99
118, 0.060179, 99
119, 0.094222, 99
120, 0.103506, 99
121, 0.065367, 99
122, 0.063304, 99
123, 0.089098, 99
124, -0.053163, 99
125, 0.085087, 99
126, -0.054085, 99
127, 0.084256, 99
128, 0.089855, 99
129, 0.078592, 99
130, 0.102060, 99
131, -0.040281, 99
132, 0.043891, 99
133, 0.107030, 99
134, 0.125449, 99
135, 0.108348, 99
1, 0.078836, 99
2, 0.076449, 99
3, 0.091755, 99
4, 0.064616, 99
5, 0.044055, 99
6, 0.061460, 99
7, 0.112107, 99
8, 0.106046, 99
9, 0.117187, 99
10, 0.095307, 99
11, 0.100247, 99
12, 0.083104, 99
13, 0.126205, 99
14, 0.121015, 99
15, 0.109266, 99
16, 0.089039, 99
17, 0.117273, 99
18, 0.093202, 99
19, 0.483475, 99
20, 0.390233, 99
21, 0.462063, 99
22, 0.416858, 99
23, 0.531079, 99
24, 0.554220, 99
25, 0.457958, 99
26, 0.572552, 99
27, 0.434345, 99
28, 0.166659, 99
29, 0.113749, 99
30, 0.151704, 99
31, 0.149663, 99
32, 0.152841, 99
33, 0.101737, 99
34, 0.145575, 99
35, 0.110975, 99
36, 0.073518, 99
37, 0.120418, 99
38, 0.077599, 99
39, 0.065428, 99
40, 0.107559, 99
41, 0.158751, 99
42, 0.191231, 99
43, 0.140981, 99
44, 0.112301, 99
45, 0.147561, 99
46, 0.128715, 99
47, 0.083711, 99
48, 0.124449, 99
49, 0.082369, 99
50, 0.042649, 99
51, 0.057422, 99
52, 0.083002, 99
53, 0.083618, 99
54, 0.153029, 99
55, 0.127684, 99
56, 0.132312, 99
57, 0.128787, 99
58, 0.155698, 99
59, 0.103733, 99
60, 0.185278, 99
61, 0.086394, 99
62, 0.083834, 99
63, 0.105825, 99
64, 0.074337, 99
65, 0.104599, 99
66, 0.091445, 99
67, 0.148274, 99
68, 0.128257, 99
69, 0.128892, 99
70, 0.111037, 99
71, 0.104004, 99
72, 0.096462, 99
73, 0.076806, 99
74, 0.115554, 99
75, 0.179471, 99
76, 0.176998, 99
77, 0.129606, 99
78, 0.132471, 99
79, 0.163450, 99
80, 0.134954, 99
81, 0.101692, 99
82, 0.088406, 99
83, 0.133178, 99
84, 0.083506, 99
85, 0.103575, 99
86, 0.101742, 99
87, 0.088486, 99
88, 0.098933, 99
89, 0.104821, 99
90, 0.157738, 99
91, 0.172624, 99
92, 0.158537, 99
93, 0.148127, 99
94, 0.109323, 99
95, 0.168080, 99
96, 0.132369, 99
97, 0.130076, 99
98, 0.127082, 99
99, 0.147498, 99
100, 0.194915, 99
101, 0.185695, 99
102, 0.165140, 99
103, 0.134042, 99
104, 0.158183, 99
105, 0.174021, 99
106, 0.139505, 99
107, 0.124194, 99
108, 0.165001, 99
109, 0.123462, 99
110, 0.155363, 99
111, 0.144843, 99
112, 0.141267, 99
113, 0.103319, 99
114, 0.103408, 99
115, 0.128211, 99
116, 0.136786, 99
117, 0.162025, 99
118, 0.078160, 99
119, 0.075016, 99
120, 0.111261, 99
121, 0.058503, 99
122, 0.077096, 99
123, 0.128243, 99
124, 0.136156, 99
125, 0.126239, 99
126, 0.124721, 99
127, 0.157220, 99
128, 0.151642, 99
129, 0.126870, 99
130, 0.104871, 99
131, 0.141521, 99
132, 0.077280, 99
133, 0.107840, 99
134, 0.128756, 99
135, 0.139706, 99
1, 0.083745, 99
2, 0.097113, 99
3, 0.107869, 99
4, 0.055309, 99
5, 0.070656, 99
6, 0.057046, 99
7, 0.110806, 99
8, 0.146732, 99
9, 0.107571, 99
10, 0.094463, 99
11, 0.119209, 99
12, 0.114514, 99
13, 0.150589, 99
14, 0.073127, 99
15, 0.104291, 99
16, 0.088862, 99
17, 0.129567, 99
18, 0.098160, 99
19, 0.090492, 99
20, 0.045299, 99
21, 0.164049, 99
22, 0.105271, 99
23, 0.158506, 99
24, 0.152031, 99
25, 0.189504, 99
26, 0.128431, 99
27, 0.135769, 99
28, 0.450139, 99
29, 0.504140, 99
30, 0.436477, 99
31, 0.452032, 99
32, 0.476858, 99
33, 0.438716, 99
34, 0.554199, 99
35, 0.547465, 99
36, 0.270023, 99
37, 0.115079, 99
38, 0.066928, 99
39, 0.043206, 99
40, 0.113237, 99
41, 0.154409, 99
42, 0.156605, 99
43, 0.134637, 99
44, 0.125333, 99
45, 0.115388, 99
46, 0.135031, 99
47, 0.045183, 99
48, 0.155925, 99
49, 0.057646, 99
50, 0.054258, 99
51, 0.047217, 99
52, 0.052554, 99
53, 0.074666, 99
54, 0.112134, 99
55, 0.118939, 99
56, 0.148173, 99
57, 0.116009, 99
58, 0.103402, 99
59, 0.079865, 99
60, 0.180285, 99
61, 0.096326, 99
62, 0.108552, 99
63, 0.108414, 99
64, 0.089748, 99
65, 0.111570, 99
66, 0.073929, 99
67, 0.155332, 99
68, 0.143521, 99
69, 0.091762, 99
70, 0.088410, 99
71, 0.119922, 99
72, 0.089820, 99
73, 0.097369, 99
74, 0.130450, 99
75, 0.173219, 99
76, 0.176852, 99
77, 0.131342, 99
78, 0.133354, 99
79, 0.159184, 99
80, 0.122223, 99
81, 0.098294, 99
82, 0.100086, 99
83, 0.131934, 99
84, 0.089810, 99
85, 0.094418, 99
86, 0.102717, 99
87, 0.100624, 99
88, 0.055681, 99
89, 0.074965, 99
90, 0.172933, 99
91, 0.161444, 99
92, 0.149066, 99
93, 0.138082, 99
94, 0.101352, 99
95, 0.142537, 99
96, 0.104839, 99
97, 0.124951, 99
98, 0.129489, 99
99, 0.168970, 99
100, 0.159260, 99
101, 0.191889, 99
102, 0.196016, 99
103, 0.141063, 99
104, 0.163558, 99
105, 0.162217, 99
106, 0.145627, 99
107, 0.111894, 99
108, 0.148626, 99
109, 0.120635, 99
110, 0.146786, 99
111, 0.151201, 99
112, 0.169680, 99
113, 0.137498, 99
114, 0.122118, 99
115, 0.138701, 99
116, 0.151987, 99
117, 0.162506, 99
118, 0.068826, 99
119, 0.086838, 99
120, 0.106429, 99
121, 0.062559, 99
122, 0.075800, 99
123, 0.137476, 99
124, 0.158003, 99
125, 0.121578, 99
126, 0.133575, 99
127, 0.130142, 99
128, 0.139862, 99
129, 0.125406, 99
130, 0.115904, 99
131, 0.126550, 99
132, 0.075157, 99
133, 0.144347, 99
134, 0.121195, 99
135, 0.162579, 99
1, 0.071837, 99
2, 0.090850, 99
3, 0.097320, 99
4, 0.068502, 99
5, 0.051836, 99
6, 0.055137, 99
7, 0.103169, 99
8, 0.111919, 99
9, 0.102870, 99
10, 0.092625, 99
11, 0.090747, 99
12, 0.082250, 99
13, 0.117555, 99
14, 0.082004, 99
15, 0.108464, 99
16, 0.091765, 99
17, 0.071827, 99
18, 0.073388, 99
19, 0.085901, 99
20, 0.070017, 99
21, 0.143080, 99
22, 0.118703, 99
23, 0.170700, 99
24, 0.117999, 99
25, 0.131536, 99
26, 0.109031, 99
27, 0.090373, 99
28, 0.117075, 99
29, 0.066952, 99
30, 0.154178, 99
31, 0.136135, 99
32, 0.135364, 99
33, 0.098727, 99
34, 0.126647, 99
35, 0.097412, 99
36, 0.096721, 99
37, 0.441950, 99
38, 0.334442, 99
39, 0.509259, 99
40, 0.433864, 99
41, 0.431040, 99
42, 0.475435, 99
43, 0.392389, 99
44, 0.316707, 99
45, 0.529628, 99
46, 0.107256, 99
47, 0.023632, 99
48, 0.116764, 99
49, 0.053107, 99
50, 0.053891, 99
51, 0.032095, 99
52, 0.066427, 99
53, 0.052733, 99
54, 0.116622, 99
55, 0.105293, 99
56, 0.114046, 99
57, 0.120540, 99
58, 0.085025, 99
59, 0.066029, 99
60, 0.141078, 99
61, 0.070504, 99
62, 0.075094, 99
63, 0.098806, 99
64, 0.088163, 99
65, 0.108866, 99
66, 0.071669, 99
67, 0.129320, 99
68, 0.097860, 99
69, 0.094440, 99
70, 0.068831, 99
71, 0.071406, 99
72, 0.087537, 99
73, 0.047486, 99
74, 0.086846, 99
75, 0.141256, 99
76, 0.157418, 99
77, 0.116973, 99
78, 0.101442, 99
79, 0.133271, 99
80, 0.131993, 99
81, 0.097059, 99
82, 0.101848, 99
83, 0.097955, 99
84, 0.053263, 99
85, 0.095143, 99
86, 0.061970, 99
87, 0.096064, 99
88, 0.047837, 99
89, 0.078562, 99
90, 0.153601, 99
91, 0.147313, 99
92, 0.137956, 99
93, 0.128951, 99
94, 0.103317, 99
95, 0.133321, 99
96, 0.116321, 99
97, 0.112478, 99
98, 0.103349, 99
99, 0.130330, 99
100, 0.116504, 99
101, 0.122809, 99
102, 0.147684, 99
103, 0.117186, 99
104, 0.156823, 99
105, 0.154022, 99
106, 0.134509, 99
107, 0.104846, 99
108, 0.138106, 99
109, 0.123205, 99
110, 0.121680, 99
111, 0.123813, 99
112, 0.124229, 99
113, 0.092989, 99
114, 0.089933, 99
115, 0.111565, 99
116, 0.124162, 99
117, 0.105858, 99
118, 0.053334, 99
119, 0.078920, 99
120, 0.092884, 99
121, 0.063346, 99
122, 0.049209, 99
123, 0.104930, 99
124, 0.132308, 99
125, 0.114005, 99
126, 0.110816, 99
127, 0.132645, 99
128, 0.121086, 99
129, 0.106272, 99
130, 0.088171, 99
131, 0.111398, 99
132, 0.062551, 99
133, 0.118368, 99
134, 0.124945, 99
135, 0.122576, 99
1, 0.112879, 99
2, 0.071593, 99
3, 0.062284, 99
4, 0.037200, 99
5, 0.052900, 99
6, 0.056558, 99
7, 0.077106, 99
8, 0.090722, 99
9, 0.083429, 99
10, 0.079582, 99
11, 0.072328, 99
12, 0.079719, 99
13, 0.082739, 99
14, 0.053178, 99
15, 0.055258, 99
16, 0.076678, 99
17, 0.056382, 99
18, 0.048409, 99
19, 0.052337, 99
20, 0.082508, 99
21, 0.118500, 99
22, 0.081728, 99
23, 0.111273, 99
24, 0.099447, 99
25, 0.121170, 99
26, 0.110216, 99
27, 0.083137, 99
28, 0.107834, 99
29, 0.072339, 99
30, 0.078091, 99
31, 0.091117, 99
32, 0.094989, 99
33, 0.053213, 99
34, 0.085689, 99
35, 0.058925, 99
36, 0.059165, 99
37, 0.071339, 99
38, 0.056625, 99
39, 0.042286, 99
40, 0.087347, 99
41, 0.113962, 99
42, 0.078295, 99
43, 0.082703, 99
44, 0.059284, 99
45, 0.082597, 99
46, 0.430169, 99
47, 0.621352, 99
48, 0.438646, 99
49, 0.475739, 99
50, 0.663692, 99
51, 0.683790, 99
52, 0.486896, 99
53, 0.653853, 99
54, 0.463848, 99
55, 0.137370, 99
56, 0.082648, 99
57, 0.071383, 99
58, 0.091261, 99
59, 0.045813, 99
60, 0.093333, 99
61, 0.070009, 99
62, 0.062275, 99
63, 0.060110, 99
64, 0.062462, 99
65, 0.075009, 99
66, 0.044883, 99
67, 0.093039, 99
68, 0.088183, 99
69, 0.049496, 99
70, 0.058673, 99
71, 0.069546, 99
72, 0.047849, 99
73, 0.050555, 99
74, 0.085217, 99
75, 0.093013, 99
76, 0.117286, 99
77, 0.103382, 99
78, 0.083804, 99
79, 0.076129, 99
80, 0.085430, 99
81, 0.089402, 99
82, 0.063597, 99
83, 0.100763, 99
84, 0.077833, 99
85, 0.106229, 99
86, 0.083913, 99
87, 0.070571, 99
88, 0.075309, 99
89, 0.084380, 99
90, 0.086811, 99
91, 0.103609, 99
92, 0.099392, 99
93, 0.065900, 99
94, 0.062965, 99
95, 0.090723, 99
96, 0.080457, 99
97, 0.071624, 99
98, 0.072529, 99
99, 0.090143, 99
100, 0.074584, 99
101, 0.107867, 99
102, 0.102904, 99
103, 0.083015, 99
104, 0.108284, 99
105, 0.112364, 99
106, 0.091499, 99
107, 0.067680, 99
108, 0.101640, 99
109, 0.072975, 99
110, 0.080055, 99
111, 0.089093, 99
112, 0.104572, 99
113, 0.067096, 99
114, 0.076703, 99
115, 0.086283, 99
116, 0.102012, 99
117, 0.112656, 99
118, 0.053277, 99
119, 0.061502, 99
120, 0.070498, 99
121, 0.059699, 99
122, 0.057281, 99
123, 0.084822, 99
124, 0.075414, 99
125, 0.082113, 99
126, 0.056679, 99
127, 0.108411, 99
128, 0.091769, 99
129, 0.069389, 99
130, 0.066301, 99
131, 0.082886, 99
132, 0.064966, 99
133, 0.083898, 99
134, 0.105735, 99
135, 0.080970, 99
1, 0.092416, 99
2, 0.092931, 99
3, 0.105499, 99
4, 0.044492, 99
5, 0.047717, 99
6, 0.067113, 99
7, 0.084229, 99
8, 0.125525, 99
9, 0.131521, 99
10, 0.107227, 99
11, 0.083212, 99
12, 0.114279, 99
13, 0.130710, 99
14, 0.088063, 99
15, 0.087835, 99
16, 0.085574, 99
17, 0.111462, 99
18, 0.079269, 99
19, 0.081771, 99
20, 0.074248, 99
21, 0.188757, 99
22, 0.090078, 99
23, 0.128812, 99
24, 0.131862, 99
25, 0.182805, 99
26, 0.138432, 99
27, 0.106892, 99
28, 0.142626, 99
29, 0.116101, 99
30, 0.152169, 99
31, 0.141412, 99
32, 0.140391, 99
33, 0.113745, 99
34, 0.124397, 99
35, 0.091280, 99
36, 0.108919, 99
37, 0.119994, 99
38, 0.074079, 99
39, 0.066669, 99
40, 0.108256, 99
41, 0.143808, 99
42, 0.146773, 99
43, 0.100918, 99
44, 0.085945, 99
45, 0.086633, 99
46, 0.119971, 99
47, 0.036282, 99
48, 0.123540, 99
49, 0.079281, 99
50, 0.036386, 99
51, 0.050462, 99
52, 0.041621, 99
53, 0.052571, 99
54, 0.173102, 99
55, 0.435878, 99
56, 0.444308, 99
57, 0.433951, 99
58, 0.429492, 99
59, 0.479210, 99
60, 0.488229, 99
61, 0.448952, 99
62, 0.443448, 99
63, 0.459180, 99
64, 0.095700, 99
65, 0.121094, 99
66, 0.093279, 99
67, 0.147825, 99
68, 0.091139, 99
69, 0.091959, 99
70, 0.079015, 99
71, 0.086411, 99
72, 0.102879, 99
73, 0.065418, 99
74, 0.098967, 99
75, 0.142932, 99
76, 0.169909, 99
77, 0.132097, 99
78, 0.132899, 99
79, 0.143791, 99
80, 0.127597, 99
81, 0.102578, 99
82, 0.097111, 99
83, 0.112076, 99
84, 0.075063, 99
85, 0.099817, 99
86, 0.072986, 99
87, 0.079707, 99
88, 0.058297, 99
89, 0.075570, 99
90, 0.178076, 99
91, 0.129955, 99
92, 0.138681, 99
93, 0.138369, 99
94, 0.125177, 99
95, 0.126141, 99
96, 0.087460, 99
97, 0.127208, 99
98, 0.087059, 99
99, 0.162311, 99
100, 0.158706, 99
101, 0.183987, 99
102, 0.161474, 99
103, 0.124920, 99
104, 0.153046, 99
105, 0.145307, 99
106, 0.162118, 99
107, 0.098801, 99
108, 0.166241, 99
109, 0.130182, 99
110, 0.142123, 99
111, 0.145413, 99
112, 0.126652, 99
113, 0.087762, 99
114, 0.103226, 99
115, 0.130727, 99
116, 0.142846, 99
117, 0.143989, 99
118, 0.068865, 99
119, 0.070653, 99
120, 0.116753, 99
121, 0.074570, 99
122, 0.066034, 99
123, 0.112825, 99
124, 0.108872, 99
125, 0.095870, 99
126, 0.099773, 99
127, 0.119107, 99
128, 0.119151, 99
129, 0.117165, 99
130, 0.097951, 99
131, 0.101338, 99
132, 0.067513, 99
133, 0.103591, 99
134, 0.088154, 99
135, 0.132624, 99
1, 0.068228, 99
2, 0.095712, 99
3, 0.090499, 99
4, 0.054147, 99
5, 0.043261, 99
6, 0.061444, 99
7, 0.062524, 99
8, 0.104699, 99
9, 0.087128, 99
10, 0.090140, 99
11, 0.088886, 99
12, 0.065825, 99
13, 0.132397, 99
14, 0.075398, 99
15, 0.080114, 99
16, 0.064968, 99
17, 0.107035, 99
18, 0.059756, 99
19, 0.058843, 99
20, 0.056237, 99
21, 0.130918, 99
22, 0.069453, 99
23, 0.131927, 99
24, 0.116070, 99
25, 0.131974, 99
26, 0.106751, 99
27, 0.095315, 99
28, 0.115963, 99
29, 0.110147, 99
30, 0.126913, 99
31, 0.115015, 99
32, 0.102133, 99
33, 0.096598, 99
34, 0.114314, 99
35, 0.079754, 99
36, 0.122363, 99
37, 0.122533, 99
38, 0.064614, 99
39, 0.048248, 99
40, 0.110429, 99
41, 0.117593, 99
42, 0.125889, 99
43, 0.102149, 99
44, 0.093663, 99
45, 0.082904, 99
46, 0.096325, 99
47, 0.072555, 99
48, 0.115778, 99
49, 0.054558, 99
50, 0.035675, 99
51, 0.054194, 99
52, 0.033056, 99
53, 0.046291, 99
54, 0.115514, 99
55, 0.093529, 99
56, 0.116514, 99
57, 0.098510, 99
58, 0.107570, 99
59, 0.060698, 99
60, 0.151077, 99
61, 0.070256, 99
62, 0.079398, 99
63, 0.105960, 99
64, 0.557662, 99
65, 0.493997, 99
66, 0.644801, 99
67, 0.491026, 99
68, 0.411580, 99
69, 0.394742, 99
70, 0.453043, 99
71, 0.389950, 99
72, 0.309958, 99
73, 0.063916, 99
74, 0.085622, 99
75, 0.147886, 99
76, 0.133870, 99
77, 0.117223, 99
78, 0.125861, 99
79, 0.133780, 99
80, 0.113521, 99
81, 0.094052, 99
82, 0.103452, 99
83, 0.110874, 99
84, 0.051095, 99
85, 0.088264, 99
86, 0.066739, 99
87, 0.105640, 99
88, 0.047364, 99
89, 0.050619, 99
90, 0.152511, 99
91, 0.108538, 99
92, 0.135949, 99
93, 0.127867, 99
94, 0.105890, 99
95, 0.085357, 99
96, 0.075679, 99
97, 0.096097, 99
98, 0.076994, 99
99, 0.132278, 99
100, 0.117670, 99
101, 0.133426, 99
102, 0.147098, 99
103, 0.116142, 99
104, 0.139077, 99
105, 0.142351, 99
106, 0.132077, 99
107, 0.079482, 99
108, 0.131482, 99
109, 0.121697, 99
110, 0.119498, 99
111, 0.107877, 99
112, 0.122315, 99
113, 0.101972, 99
114, 0.088253, 99
115, 0.105056, 99
116, 0.105952, 99
117, 0.120084, 99
118, 0.041788, 99
119, 0.070628, 99
120, 0.096995, 99
121, 0.077571, 99
122, 0.065778, 99
123, 0.098076, 99
124, 0.112336, 99
125, 0.096033, 99
126, 0.110937, 99
127, 0.120363, 99
128, 0.111259, 99
129, 0.115321, 99
130, 0.090616, 99
131, 0.090012, 99
132, 0.069733, 99
133, 0.108008, 99
134, 0.120657, 99
135, 0.122383, 99
1, 0.106540, 99
2, 0.110363, 99
3, 0.111856, 99
4, 0.090945, 99
5, 0.045163, 99
6, 0.074142, 99
7, 0.102641, 99
8, 0.129983, 99
9, 0.150961, 99
10, 0.096162, 99
11, 0.108489, 99
12, 0.074136, 99
13, 0.152737, 99
14, 0.091365, 99
15, 0.113489, 99
16, 0.082670, 99
17, 0.118654, 99
18, 0.082125, 99
19, 0.078721, 99
20, 0.044940, 99
21, 0.146512, 99
22, 0.108743, 99
23, 0.171880, 99
24, 0.130037, 99
25, 0.169182, 99
26, 0.137743, 99
27, 0.105479, 99
28, 0.128915, 99
29, 0.099150, 99
30, 0.143070, 99
31, 0.156694, 99
32, 0.140187, 99
33, 0.109375, 99
34, 0.188092, 99
35, 0.118780, 99
36, 0.107056, 99
37, 0.131052, 99
38, 0.074072, 99
39, 0.046052, 99
40, 0.095348, 99
41, 0.156317, 99
42, 0.174580, 99
43, 0.115401, 99
44, 0.081036, 99
45, 0.118345, 99
46, 0.132890, 99
47, 0.052581, 99
48, 0.130761, 99
49, 0.078971, 99
50, 0.067678, 99
51, 0.056621, 99
52, 0.065446, 99
53, 0.072447, 99
54, 0.116417, 99
55, 0.105722, 99
56, 0.129121, 99
57, 0.134892, 99
58, 0.114483, 99
59, 0.080572, 99
60, 0.186290, 99
61, 0.097990, 99
62, 0.110823, 99
63, 0.115996, 99
64, 0.112067, 99
65, 0.132944, 99
66, 0.084053, 99
67, 0.169525, 99
68, 0.103800, 99
69, 0.103425, 99
70, 0.091081, 99
71, 0.094954, 99
72, 0.117768, 99
73, 0.267385, 99
74, 0.347705, 99
75, 0.484332, 99
76, 0.465577, 99
77, 0.586806, 99
78, 0.620445, 99
79, 0.512186, 99
80, 0.402729, 99
81, 0.403843, 99
82, 0.113997, 99
83, 0.169702, 99
84, 0.061044, 99
85, 0.087613, 99
86, 0.084284, 99
87, 0.093228, 99
88, 0.052800, 99
89, 0.068577, 99
90, 0.164337, 99
91, 0.138516, 99
92, 0.140467, 99
93, 0.150260, 99
94, 0.110847, 99
95, 0.119934, 99
96, 0.111204, 99
97, 0.120052, 99
98, 0.094048, 99
99, 0.122247, 99
100, 0.159858, 99
101, 0.162865, 99
102, 0.194097, 99
103, 0.122381, 99
104, 0.167110, 99
105, 0.169598, 99
106, 0.165759, 99
107, 0.100674, 99
108, 0.187743, 99
109, 0.142236, 99
110, 0.185610, 99
111, 0.139705, 99
112, 0.132464, 99
113, 0.085847, 99
114, 0.112869, 99
115, 0.132515, 99
116, 0.134826, 99
117, 0.151799, 99
118, 0.064345, 99
119, 0.091719, 99
120, 0.124237, 99
121, 0.082878, 99
122, 0.073439, 99
123, 0.151141, 99
124, 0.139963, 99
125, 0.096682, 99
126, 0.123184, 99
127, 0.132590, 99
128, 0.137809, 99
129, 0.137031, 99
130, 0.105620, 99
131, 0.131490, 99
132, 0.098969, 99
133, 0.142231, 99
134, 0.129829, 99
135, 0.175197, 99
1, 0.092803, 99
2, 0.091254, 99
3, 0.076490, 99
4, 0.079947, 99
5, 0.081259, 99
6, 0.107899, 99
7, 0.104669, 99
8, 0.107861, 99
9, 0.102181, 99
10, 0.154372, 99
11, 0.104252, 99
12, 0.114050, 99
13, 0.093817, 99
14, 0.119778, 99
15, 0.087749, 99
16, 0.116931, 99
17, 0.094671, 99
18, 0.099524, 99
19, 0.112630, 99
20, 0.095098, 99
21, 0.115779, 99
22, 0.095796, 99
23, 0.107736, 99
24, 0.111271, 99
25, 0.131390, 99
26, 0.134318, 99
27, 0.090602, 99
28, 0.104173, 99
29, 0.110123, 99
30, 0.105334, 99
31, 0.139186, 99
32, 0.101068, 99
33, 0.080189, 99
34, 0.110256, 99
35, 0.091249, 99
36, 0.108739, 99
37, 0.110046, 99
38, 0.071877, 99
39, 0.071099, 99
40, 0.121540, 99
41, 0.126595, 99
42, 0.106444, 99
43, 0.093272, 99
44, 0.074475, 99
45, 0.116776, 99
46, 0.105050, 99
47, 0.077556, 99
48, 0.107220, 99
49, 0.105591, 99
50, 0.099739, 99
51, 0.091056, 99
52, 0.083115, 99
53, 0.067614, 99
54, 0.097217, 99
55, 0.092620, 99
56, 0.104261, 99
57, 0.141603, 99
58, 0.091850, 99
59, 0.053573, 99
60, 0.143448, 99
61, 0.084438, 99
62, 0.073979, 99
63, 0.099628, 99
64, 0.081401, 99
65, 0.112821, 99
66, 0.094398, 99
67, 0.146543, 99
68, 0.087432, 99
69, 0.083889, 99
70, 0.092584, 99
71, 0.070021, 99
72, 0.072855, 99
73, 0.047044, 99
74, 0.075010, 99
75, 0.131663, 99
76, 0.117613, 99
77, 0.113938, 99
78, 0.100957, 99
79, 0.120387, 99
80, 0.099337, 99
81, 0.133385, 99
82, 0.320737, 99
83, 0.385372, 99
84, 0.660253, 99
85, 0.638961, 99
86, 0.647899, 99
87, 0.515936, 99
88, 0.668512, 99
89, 0.531470, 99
90, 0.465356, 99
91, 0.108357, 99
92, 0.135483, 99
93, 0.115890, 99
94, 0.091724, 99
95, 0.102504, 99
96, 0.102217, 99
97, 0.110427, 99
98, 0.092704, 99
99, 0.103883, 99
100, 0.096375, 99
101, 0.104551, 99
102, 0.121345, 99
103, 0.113673, 99
104, 0.142355, 99
105, 0.140893, 99
106, 0.123543, 99
107, 0.110685, 99
108, 0.130673, 99
109, 0.101513, 99
110, 0.127817, 99
111, 0.099500, 99
112, 0.098717, 99
113, 0.070997, 99
114, 0.063546, 99
115, 0.095257, 99
116, 0.098266, 99
117, 0.119391, 99
118, 0.078541, 99
119, 0.087235, 99
120, 0.094599, 99
121, 0.072345, 99
122, 0.071828, 99
123, 0.129839, 99
124, 0.120068, 99
125, 0.086214, 99
126, 0.072658, 99
127, 0.105725, 99
128, 0.114412, 99
129, 0.100765, 99
130, 0.109972, 99
131, 0.098292, 99
132, 0.119024, 99
133, 0.116219, 99
134, 0.108131, 99
135, 0.121129, 99
1, 0.090766, 99
2, 0.093680, 99
3, 0.080025, 99
4, 0.067621, 99
5, 0.046980, 99
6, 0.062579, 99
7, 0.115735, 99
8, 0.138113, 99
9, 0.117323, 99
10, 0.110618, 99
11, 0.115266, 99
12, 0.105349, 99
13, 0.134840, 99
14, 0.115325, 99
15, 0.135055, 99
16, 0.116399, 99
17, 0.156500, 99
18, 0.115895, 99
19, 0.145273, 99
20, 0.093434, 99
21, 0.169887, 99
22, 0.115485, 99
23, 0.173960, 99
24, 0.139848, 99
25, 0.152405, 99
26, 0.140166, 99
27, 0.140161, 99
28, 0.163590, 99
29, 0.131554, 99
30, 0.141995, 99
31, 0.145386, 99
32, 0.168092, 99
33, 0.113953, 99
34, 0.157760, 99
35, 0.127053, 99
36, 0.088882, 99
37, 0.138307, 99
38, 0.084407, 99
39, 0.054941, 99
40, 0.102961, 99
41, 0.183696, 99
42, 0.166358, 99
43, 0.159084, 99
44, 0.115765, 99
45, 0.128664, 99
46, 0.108419, 99
47, 0.077064, 99
48, 0.127527, 99
49, 0.070415, 99
50, 0.057498, 99
51, 0.067993, 99
52, 0.070637, 99
53, 0.066414, 99
54, 0.147396, 99
55, 0.134413, 99
56, 0.138487, 99
57, 0.123051, 99
58, 0.124684, 99
59, 0.079261, 99
60, 0.174711, 99
61, 0.073218, 99
62, 0.088643, 99
63, 0.109354, 99
64, 0.108374, 99
65, 0.120779, 99
66, 0.103517, 99
67, 0.177453, 99
68, 0.119361, 99
69, 0.127626, 99
70, 0.112834, 99
71, 0.095178, 99
72, 0.070782, 99
73, 0.069781, 99
74, 0.103562, 99
75, 0.187286, 99
76, 0.163104, 99
77, 0.134354, 99
78, 0.140272, 99
79, 0.150022, 99
80, 0.131978, 99
81, 0.116797, 99
82, 0.099981, 99
83, 0.134653, 99
84, 0.100383, 99
85, 0.105263, 99
86, 0.085526, 99
87, 0.100024, 99
88, 0.077448, 99
89, 0.111691, 99
90, 0.161987, 99
91, 0.512639, 99
92, 0.464951, 99
93, 0.435200, 99
94, 0.412474, 99
95, 0.520949, 99
96, 0.554597, 99
97, 0.548203, 99
98, 0.479976, 99
99, 0.469079, 99
100, 0.184751, 99
101, 0.174969, 99
102, 0.175147, 99
103, 0.144504, 99
104, 0.146391, 99
105, 0.183802, 99
106, 0.126716, 99
107, 0.108352, 99
108, 0.163642, 99
109, 0.132424, 99
110, 0.153829, 99
111, 0.158138, 99
112, 0.143367, 99
113, 0.107550, 99
114, 0.125943, 99
115, 0.129499, 99
116, 0.148798, 99
117, 0.158254, 99
118, 0.081847, 99
119, 0.099712, 99
120, 0.144512, 99
121, 0.069902, 99
122, 0.066158, 99
123, 0.133905, 99
124, 0.154968, 99
125, 0.121305, 99
126, 0.133589, 99
127, 0.127921, 99
128, 0.143973, 99
129, 0.137302, 99
130, 0.132213, 99
131, 0.138461, 99
132, 0.071639, 99
133, 0.129158, 99
134, 0.120439, 99
135, 0.146838, 99
1, 0.094207, 99
2, 0.112900, 99
3, 0.124554, 99
4, 0.063375, 99
5, 0.049142, 99
6, 0.052981, 99
7, 0.113949, 99
8, 0.146361, 99
9, 0.144481, 99
10, 0.100862, 99
11, 0.079905, 99
12, 0.074919, 99
13, 0.144619, 99
14, 0.088356, 99
15, 0.121845, 99
16, 0.109722, 99
17, 0.118854, 99
18, 0.103723, 99
19, 0.097142, 99
20, 0.037893, 99
21, 0.203392, 99
22, 0.116827, 99
23, 0.159582, 99
24, 0.157637, 99
25, 0.200996, 99
26, 0.135566, 99
27, 0.119299, 99
28, 0.152135, 99
29, 0.108306, 99
30, 0.188713, 99
31, 0.193430, 99
32, 0.181262, 99
33, 0.134559, 99
34, 0.162010, 99
35, 0.114152, 99
36, 0.116558, 99
37, 0.165930, 99
38, 0.081582, 99
39, 0.046738, 99
40, 0.112938, 99
41, 0.154278, 99
42, 0.178339, 99
43, 0.142330, 99
44, 0.111979, 99
45, 0.124750, 99
46, 0.118940, 99
47, 0.056420, 99
48, 0.145328, 99
49, 0.089536, 99
50, 0.056801, 99
51, 0.019243, 99
52, 0.059231, 99
53, 0.036530, 99
54, 0.149399, 99
55, 0.139966, 99
56, 0.204822, 99
57, 0.149443, 99
58, 0.143045, 99
59, 0.075017, 99
60, 0.215623, 99
61, 0.071989, 99
62, 0.076980, 99
63, 0.126343, 99
64, 0.110556, 99
65, 0.146001, 99
66, 0.081778, 99
67, 0.217393, 99
68, 0.108848, 99
69, 0.108560, 99
70, 0.100684, 99
71, 0.091480, 99
72, 0.131768, 99
73, 0.050131, 99
74, 0.104234, 99
75, 0.210886, 99
76, 0.203662, 99
77, 0.143403, 99
78, 0.120644, 99
79, 0.161894, 99
80, 0.189514, 99
81, 0.121419, 99
82, 0.101906, 99
83, 0.152354, 99
84, 0.074672, 99
85, 0.067504, 99
86, 0.081423, 99
87, 0.106221, 99
88, 0.045734, 99
89, 0.081698, 99
90, 0.183650, 99
91, 0.167438, 99
92, 0.199501, 99
93, 0.173035, 99
94, 0.144126, 99
95, 0.128987, 99
96, 0.109026, 99
97, 0.123145, 99
98, 0.101439, 99
99, 0.142107, 99
100, 0.408884, 99
101, 0.424437, 99
102, 0.427351, 99
103, 0.305727, 99
104, 0.474320, 99
105, 0.476177, 99
106, 0.398419, 99
107, 0.366595, 99
108, 0.401615, 99
109, 0.164407, 99
110, 0.185627, 99
111, 0.160968, 99
112, 0.162841, 99
113, 0.087989, 99
114, 0.100646, 99
115, 0.141682, 99
116, 0.130640, 99
117, 0.182938, 99
118, 0.071276, 99
119, 0.104916, 99
120, 0.141735, 99
121, 0.079655, 99
122, 0.066003, 99
123, 0.154178, 99
124, 0.167988, 99
125, 0.118777, 99
126, 0.154670, 99
127, 0.137025, 99
128, 0.146366, 99
129, 0.138393, 99
130, 0.128887, 99
131, 0.143336, 99
132, 0.091660, 99
133, 0.140888, 99
134, 0.156283, 99
135, 0.177442, 99
1, 0.070382, 99
2, 0.103531, 99
3, 0.095957, 99
4, 0.058136, 99
5, 0.047562, 99
6, 0.072575, 99
7, 0.096975, 99
8, 0.143990, 99
9, 0.116930, 99
10, 0.072520, 99
11, 0.095652, 99
12, 0.078127, 99
13, 0.130311, 99
14, 0.079799, 99
15, 0.102945, 99
16, 0.085134, 99
17, 0.118483, 99
18, 0.085862, 99
19, 0.097342, 99
20, 0.056506, 99
21, 0.161741, 99
22, 0.093696, 99
23, 0.140933, 99
24, 0.141384, 99
25, 0.165789, 99
26, 0.150316, 99
27, 0.101387, 99
28, 0.144481, 99
29, 0.123911, 99
30, 0.185160, 99
31, 0.153092, 99
32, 0.143764, 99
33, 0.109591, 99
34, 0.156739, 99
35, 0.115535, 99
36, 0.081879, 99
37, 0.114702, 99
38, 0.055801, 99
39, 0.064013, 99
40, 0.071918, 99
41, 0.159832, 99
42, 0.148580, 99
43, 0.132079, 99
44, 0.107560, 99
45, 0.107981, 99
46, 0.125120, 99
47, 0.055836, 99
48, 0.139586, 99
49, 0.049827, 99
50, 0.075714, 99
51, 0.037923, 99
52, 0.033465, 99
53, 0.076411, 99
54, 0.149627, 99
55, 0.147073, 99
56, 0.141688, 99
57, 0.107441, 99
58, 0.124596, 99
59, 0.081871, 99
60, 0.164209, 99
61, 0.081366, 99
62, 0.080234, 99
63, 0.093775, 99
64, 0.088724, 99
65, 0.112131, 99
66, 0.082385, 99
67, 0.147833, 99
68, 0.127006, 99
69, 0.089380, 99
70, 0.084652, 99
71, 0.099297, 99
72, 0.081671, 99
73, 0.076010, 99
74, 0.122990, 99
75, 0.184871, 99
76, 0.165423, 99
77, 0.154363, 99
78, 0.129959, 99
79, 0.133273, 99
80, 0.125946, 99
81, 0.093728, 99
82, 0.089136, 99
83, 0.133755, 99
84, 0.059612, 99
85, 0.080681, 99
86, 0.067502, 99
87, 0.085183, 99
88, 0.036230, 99
89, 0.060628, 99
90, 0.155207, 99
91, 0.159754, 99
92, 0.144581, 99
93, 0.133191, 99
94, 0.117313, 99
95, 0.131558, 99
96, 0.122839, 99
97, 0.129729, 99
98, 0.098146, 99
99, 0.150465, 99
100, 0.166371, 99
101, 0.200364, 99
102, 0.177683, 99
103, 0.130390, 99
104, 0.147773, 99
105, 0.137541, 99
106, 0.135535, 99
107, 0.084372, 99
108, 0.148348, 99
109, 0.354350, 99
110, 0.356816, 99
111, 0.441567, 99
112, 0.520644, 99
113, 0.410739, 99
114, 0.451375, 99
115, 0.505869, 99
116, 0.485484, 99
117, 0.440800, 99
118, 0.057776, 99
119, 0.071008, 99
120, 0.119147, 99
121, 0.057925, 99
122, 0.061121, 99
123, 0.114020, 99
124, 0.131961, 99
125, 0.090970, 99
126, 0.116017, 99
127, 0.123941, 99
128, 0.130286, 99
129, 0.131545, 99
130, 0.098810, 99
131, 0.120394, 99
132, 0.058022, 99
133, 0.086327, 99
134, 0.106035, 99
135, 0.145211, 99
1, 0.100673, 99
2, 0.116034, 99
3, 0.089685, 99
4, 0.053922, 99
5, 0.071161, 99
6, 0.058662, 99
7, 0.090378, 99
8, 0.125899, 99
9, 0.114600, 99
10, 0.090619, 99
11, 0.085775, 99
12, 0.099538, 99
13, 0.110026, 99
14, 0.097311, 99
15, 0.102064, 99
16, 0.097377, 99
17, 0.095339, 99
18, 0.080786, 99
19, 0.081426, 99
20, 0.032570, 99
21, 0.124936, 99
22, 0.091957, 99
23, 0.123283, 99
24, 0.090975, 99
25, 0.102685, 99
26, 0.116226, 99
27, 0.075974, 99
28, 0.111223, 99
29, 0.086882, 99
30, 0.116737, 99
31, 0.107738, 99
32, 0.117361, 99
33, 0.088536, 99
34, 0.128020, 99
35, 0.101770, 99
36, 0.089665, 99
37, 0.150983, 99
38, 0.091943, 99
39, 0.077562, 99
40, 0.069868, 99
41, 0.106038, 99
42, 0.113714, 99
43, 0.111659, 99
44, 0.069067, 99
45, 0.094492, 99
46, 0.092748, 99
47, 0.053116, 99
48, 0.087047, 99
49, 0.086788, 99
50, 0.035322, 99
51, 0.032889, 99
52, 0.056934, 99
53, 0.040505, 99
54, 0.090395, 99
55, 0.083783, 99
56, 0.112323, 99
57, 0.113806, 99
58, 0.093382, 99
59, 0.055248, 99
60, 0.146455, 99
61, 0.087132, 99
62, 0.097779, 99
63, 0.105044, 99
64, 0.094748, 99
65, 0.107882, 99
66, 0.091075, 99
67, 0.146810, 99
68, 0.077740, 99
69, 0.078839, 99
70, 0.055084, 99
71, 0.063191, 99
72, -0.021560, 99
73, 0.028908, 99
74, 0.080653, 99
75, 0.124240, 99
76, 0.121420, 99
77, 0.106185, 99
78, 0.116453, 99
79, 0.133823, 99
80, 0.130025, 99
81, 0.103795, 99
82, 0.083534, 99
83, 0.117142, 99
84, 0.069769, 99
85, 0.071747, 99
86, 0.060929, 99
87, 0.108302, 99
88, 0.057414, 99
89, 0.071648, 99
90, 0.120387, 99
91, 0.138171, 99
92, 0.136076, 99
93, 0.144875, 99
94, 0.121915, 99
95, 0.094052, 99
96, 0.090370, 99
97, 0.096614, 99
98, 0.063062, 99
99, 0.095801, 99
100, 0.129600, 99
101, 0.115871, 99
102, 0.133799, 99
103, 0.097589, 99
104, 0.131683, 99
105, 0.146970, 99
106, 0.118014, 99
107, 0.126754, 99
108, 0.125217, 99
109, 0.125546, 99
110, 0.134414, 99
111, 0.110559, 99
112, 0.096683, 99
113, 0.072986, 99
114, 0.067458, 99
115, -0.041666, 99
116, 0.095332, 99
117, 0.115255, 99
118, 0.442543, 99
119, 0.508633, 99
120, 0.457991, 99
121, 0.427176, 99
122, 0.314286, 99
123, 0.381736, 99
124, 0.396693, 99
125, 0.454585, 99
126, 0.388575, 99
127, 0.120874, 99
128, 0.110226, 99
129, 0.108656, 99
130, 0.133332, 99
131, 0.123099, 99
132, 0.086044, 99
133, 0.131303, 99
134, 0.136871, 99
135, 0.123359, 99
1, 0.085578, 99
2, 0.085655, 99
3, 0.084828, 99
4, 0.090452, 99
5, 0.069307, 99
6, 0.054705, 99
7, 0.105964, 99
8, 0.121599, 99
9, 0.122332, 99
10, 0.085091, 99
11, 0.092183, 99
12, 0.090895, 99
13, 0.122153, 99
14, 0.102078, 99
15, 0.103854, 99
16, 0.085810, 99
17, 0.088288, 99
18, 0.086288, 99
19, 0.094149, 99
20, 0.046940, 99
21, 0.125269, 99
22, 0.120436, 99
23, 0.158417, 99
24, 0.098190, 99
25, 0.114180, 99
26, 0.121480, 99
27, 0.094762, 99
28, 0.099185, 99
29, 0.095129, 99
30, 0.115196, 99
31, 0.130572, 99
32, 0.124041, 99
33, 0.099487, 99
34, 0.126974, 99
35, 0.116918, 99
36, 0.087879, 99
37, 0.126297, 99
38, 0.079414, 99
39, 0.059476, 99
40, 0.085344, 99
41, 0.124052, 99
42, 0.130413, 99
43, 0.122038, 99
44, 0.082529, 99
45, 0.115957, 99
46, 0.093368, 99
47, 0.055077, 99
48, 0.108378, 99
49, 0.078032, 99
50, 0.029963, 99
51, 0.054172, 99
52, 0.047921, 99
53, 0.071644, 99
54, 0.090845, 99
55, 0.075068, 99
56, 0.094859, 99
57, 0.104591, 99
58, 0.086234, 99
59, 0.059587, 99
60, 0.137591, 99
61, 0.087007, 99
62, 0.090222, 99
63, 0.117526, 99
64, 0.102366, 99
65, 0.123001, 99
66, 0.096726, 99
67, 0.151799, 99
68, 0.096839, 99
69, 0.097318, 99
70, 0.071238, 99
71, 0.072539, 99
72, 0.088848, 99
73, 0.058138, 99
74, 0.097697, 99
75, 0.120469, 99
76, 0.139500, 99
77, 0.126297, 99
78, 0.141390, 99
79, 0.162538, 99
80, 0.139652, 99
81, 0.088152, 99
82, 0.108606, 99
83, 0.125423, 99
84, 0.057354, 99
85, 0.095006, 99
86, 0.080179, 99
87, 0.107290, 99
88, 0.052752, 99
89, 0.078500, 99
90, 0.118907, 99
91, 0.135237, 99
92, 0.167780, 99
93, 0.121336, 99
94, 0.108479, 99
95, 0.094199, 99
96, 0.101918, 99
97, 0.107735, 99
98, 0.077922, 99
99, 0.102684, 99
100, 0.116496, 99
101, 0.127099, 99
102, 0.143701, 99
103, 0.129127, 99
104, 0.169041, 99
105, 0.146542, 99
106, 0.144099, 99
107, 0.124608, 99
108, 0.136200, 99
109, 0.116156, 99
110, 0.132497, 99
111, 0.118724, 99
112, 0.104740, 99
113, 0.069871, 99
114, 0.080310, 99
115, 0.102327, 99
116, 0.104427, 99
117, 0.117286, 99
118, 0.090319, 99
119, 0.095452, 99
120, 0.119072, 99
121, 0.086911, 99
122, 0.082116, 99
123, 0.126215, 99
124, 0.151482, 99
125, 0.148021, 99
126, 0.101863, 99
127, 0.512148, 99
128, 0.459352, 99
129, 0.543254, 99
130, 0.585266, 99
131, 0.563093, 99
132, 0.353739, 99
133, 0.603164, 99
134, 0.531045, 99
135, 0.426758, 99
