1, 0.982792, 6
2, 0.982841, 5
3, 0.984713, 6
4, 0.056505, 16
5, 0.031128, 16
6, 0.022244, 20
7, 0.018783, 19
8, 0.063088, 16
9, 0.032588, 17
10, 0.028827, 31
11, 0.034339, 17
12, 0.002702, 20
13, 0.050705, 19
14, 0.043460, 20
15, 0.033051, 18
16, 0.049974, 17
17, 0.030959, 20
18, 0.028453, 31
19, 0.014154, 18
20, 0.006888, 35
21, 0.030953, 31
22, 0.033275, 17
23, 0.050866, 16
24, 0.049919, 16
25, 0.051490, 17
26, 0.026503, 31
27, 0.044284, 19
28, 0.060253, 17
29, 0.036585, 17
30, 0.058039, 18
1, 0.022743, 42
2, 0.030803, 20
3, 0.006755, 19
4, 0.978028, 8
5, 0.977969, 8
6, 0.981255, 7
7, 0.023627, 42
8, 0.027667, 99
9, 0.062876, 18
10, 0.024652, 17
11, 0.043011, 19
12, 0.066873, 17
13, 0.045707, 99
14, 0.013398, 42
15, 0.019979, 19
16, 0.012681, 42
17, -0.003844, 20
18, 0.020442, 19
19, 0.012347, 42
20, 0.032042, 20
21, 0.022139, 99
22, 0.044848, 18
23, 0.008237, 42
24, 0.008564, 18
25, 0.015954, 18
26, 0.013881, 20
27, 0.020318, 20
28, 0.010416, 42
29, 0.024080, 20
30, 0.013468, 20
1, 0.047340, 30
2, 0.062450, 30
3, 0.013750, 34
4, 0.037357, 33
5, 0.062202, 33
6, 0.006009, 33
7, 0.937836, 20
8, 0.924294, 12
9, 0.957800, 32
10, 0.031618, 32
11, 0.018835, 32
12, 0.066547, 33
13, 0.095187, 30
14, 0.061190, 33
15, 0.051278, 37
16, 0.047691, 33
17, 0.032642, 34
18, 0.038960, 34
19, 0.045292, 33
20, 0.021934, 33
21, 0.054912, 33
22, 0.040210, 33
23, 0.079826, 33
24, 0.024073, 38
25, 0.075326, 33
26, 0.040344, 34
27, 0.037465, 33
28, 0.049937, 33
29, 0.049821, 30
30, 0.059093, 29
1, 0.035140, 17
2, 0.030154, 17
3, 0.033791, 19
4, 0.010878, 31
5, 0.049912, 20
6, 0.025788, 28
7, 0.046506, 17
8, 0.031548, 18
9, 0.065013, 99
10, 0.971273, 9
11, 0.926938, 99
12, 0.977672, 8
13, 0.048539, 19
14, 0.008967, 28
15, 0.034560, 19
16, 0.041631, 20
17, 0.037702, 28
18, 0.049087, 20
19, 0.015623, 28
20, 0.028360, 28
21, 0.028555, 20
22, 0.036793, 20
23, 0.037244, 28
24, 0.003334, 28
25, 0.045785, 20
26, 0.008286, 28
27, 0.037681, 28
28, 0.013445, 28
29, -0.001973, 20
30, 0.050191, 20
1, 0.040951, 99
2, 0.048693, 31
3, 0.039352, 31
4, 0.011793, 28
5, 0.053985, 31
6, 0.026908, 31
7, 0.057452, 20
8, 0.098649, 19
9, 0.065002, 31
10, 0.046638, 31
11, 0.049144, 99
12, 0.040542, 29
13, 0.966173, 8
14, 0.963524, 8
15, 0.958227, 11
16, 0.043010, 34
17, 0.046065, 31
18, 0.072498, 28
19, 0.065953, 99
20, 0.032834, 99
21, 0.077260, 31
22, 0.051258, 31
23, 0.059675, 31
24, 0.045738, 31
25, 0.070552, 31
26, 0.036456, 31
27, 0.036672, 27
28, 0.055233, 31
29, 0.030259, 31
30, 0.071336, 20
1, 0.046180, 27
2, 0.048655, 99
3, 0.029500, 30
4, 0.026678, 27
5, 0.002806, 27
6, 0.020840, 27
7, 0.078898, 27
8, 0.039121, 27
9, 0.034461, 27
10, 0.047786, 27
11, 0.048065, 27
12, 0.025362, 27
13, 0.045490, 30
14, 0.069009, 27
15, 0.073708, 27
16, 0.969037, 8
17, 0.957522, 10
18, 0.943033, 14
19, 0.024871, 34
20, 0.033956, 30
21, 0.049006, 35
22, 0.038235, 27
23, 0.034555, 27
24, 0.022048, 30
25, 0.049609, 30
26, 0.073304, 29
27, 0.052428, 27
28, 0.044222, 27
29, 0.047415, 30
30, 0.056766, 27
1, 0.016622, 29
2, 0.031538, 27
3, 0.037822, 27
4, 0.033652, 29
5, 0.024699, 29
6, 0.011725, 29
7, 0.055916, 29
8, 0.044178, 30
9, 0.055786, 28
10, 0.028029, 28
11, 0.047659, 27
12, 0.057354, 29
13, 0.079636, 20
14, 0.063365, 33
15, 0.054706, 29
16, 0.031465, 33
17, 0.048179, 27
18, 0.051305, 27
19, 0.970507, 12
20, 0.979976, 9
21, 0.964282, 10
22, 0.027684, 28
23, 0.063271, 27
24, 0.068148, 20
25, 0.059079, 28
26, 0.028010, 29
27, 0.050989, 27
28, 0.056972, 27
29, 0.055612, 27
30, 0.067706, 27
1, 0.024146, 31
2, 0.048787, 30
3, 0.049031, 30
4, 0.018451, 29
5, 0.019427, 29
6, 0.042572, 29
7, 0.041205, 30
8, 0.044766, 30
9, 0.081949, 30
10, 0.036262, 31
11, 0.036485, 30
12, 0.044825, 29
13, 0.061069, 30
14, 0.055640, 30
15, 0.027307, 30
16, 0.027641, 30
17, 0.029325, 30
18, 0.038199, 29
19, 0.024077, 29
20, -0.001264, 31
21, 0.062966, 30
22, 0.947971, 10
23, 0.956061, 9
24, 0.963613, 10
25, 0.069314, 30
26, 0.048414, 30
27, 0.055694, 30
28, 0.064560, 30
29, 0.052737, 30
30, 0.060211, 30
1, 0.043603, 29
2, 0.023438, 29
3, 0.050726, 26
4, 0.009574, 29
5, 0.008382, 29
6, 0.017489, 29
7, 0.058102, 33
8, 0.038826, 29
9, 0.074893, 28
10, 0.045215, 28
11, 0.049580, 29
12, 0.023041, 29
13, 0.070544, 26
14, 0.031855, 30
15, 0.042991, 29
16, 0.036908, 33
17, 0.073731, 33
18, 0.029623, 29
19, 0.047726, 28
20, 0.023778, 29
21, 0.057469, 28
22, 0.030870, 33
23, 0.055284, 29
24, 0.069047, 28
25, 0.936488, 15
26, 0.947294, 12
27, 0.930809, 18
28, 0.051796, 28
29, 0.044598, 34
30, 0.109007, 28
1, 0.026221, 34
2, 0.059709, 30
3, 0.056271, 28
4, 0.023181, 28
5, 0.027432, 30
6, 0.011938, 30
7, 0.048804, 30
8, 0.061997, 28
9, 0.049638, 30
10, 0.047908, 28
11, 0.044721, 32
12, 0.041255, 29
13, 0.071764, 28
14, 0.029687, 30
15, 0.042561, 29
16, 0.047295, 28
17, 0.038468, 28
18, 0.043191, 33
19, 0.038430, 28
20, 0.048787, 30
21, 0.068502, 28
22, 0.045262, 30
23, 0.063573, 30
24, 0.074093, 30
25, 0.109853, 28
26, 0.055402, 28
27, 0.079885, 28
28, 0.959728, 11
29, 0.969670, 13
30, 0.942809, 13
