1, 0.337154, 99
2, 0.370254, 99
3, 0.384394, 99
4, 0.426813, 99
5, 0.469126, 99
6, 0.284644, 99
7, 0.249330, 99
8, 0.366307, 99
9, 0.394896, 99
10, 0.239644, 99
11, 0.054104, 99
12, 0.097803, 99
13, 0.093569, 99
14, 0.072264, 99
15, 0.067986, 99
16, 0.061337, 99
17, 0.055661, 99
18, 0.063098, 99
19, 0.066600, 99
20, 0.044979, 99
21, 0.064451, 99
22, 0.067633, 99
23, 0.086723, 99
24, 0.041124, 99
25, 0.068638, 99
26, 0.056578, 99
27, 0.069661, 99
28, 0.075086, 99
29, 0.052118, 99
30, 0.075709, 99
31, 0.087137, 99
32, 0.080181, 99
33, 0.044356, 99
34, 0.079466, 99
35, 0.058987, 99
36, 0.050151, 99
37, 0.087264, 99
38, 0.042448, 99
39, 0.043377, 99
40, 0.051329, 99
41, 0.073160, 99
42, 0.079481, 99
43, 0.070960, 99
44, 0.063535, 99
45, 0.050279, 99
46, 0.059996, 99
47, 0.041139, 99
48, 0.068601, 99
49, 0.049961, 99
50, 0.035714, 99
51, 0.011762, 99
52, 0.048648, 99
53, 0.027025, 99
54, 0.057728, 99
55, 0.052549, 99
56, 0.064275, 99
57, 0.064707, 99
58, 0.061027, 99
59, 0.038694, 99
60, 0.078829, 99
61, 0.091435, 99
62, 0.072100, 99
63, 0.090581, 99
64, 0.049048, 99
65, 0.061247, 99
66, 0.064346, 99
67, 0.083063, 99
68, 0.055807, 99
69, 0.063717, 99
70, 0.060290, 99
71, 0.029334, 99
72, 0.026684, 99
73, 0.041274, 99
74, 0.061711, 99
75, 0.075271, 99
76, 0.068371, 99
77, 0.077550, 99
78, 0.074079, 99
79, 0.107181, 99
80, 0.088330, 99
81, 0.072515, 99
82, 0.093972, 99
83, 0.076832, 99
84, 0.053652, 99
85, 0.058600, 99
86, 0.067987, 99
87, 0.068105, 99
88, 0.054182, 99
89, 0.053125, 99
90, 0.076622, 99
91, 0.058333, 99
92, 0.076555, 99
93, 0.078835, 99
94, 0.068129, 99
95, 0.067122, 99
96, 0.060517, 99
97, 0.079427, 99
98, 0.044173, 99
99, 0.065335, 99
100, 0.073577, 99
101, 0.078353, 99
102, 0.074178, 99
103, 0.081523, 99
104, 0.072608, 99
105, 0.075380, 99
106, 0.040093, 99
107, 0.054334, 99
108, 0.080353, 99
109, 0.064387, 99
110, 0.119243, 99
111, 0.064607, 99
112, 0.060690, 99
113, 0.035961, 99
114, 0.063788, 99
115, 0.074024, 99
116, 0.064982, 99
117, 0.073630, 99
118, 0.061246, 99
119, 0.073776, 99
120, 0.062533, 99
121, 0.053358, 99
122, 0.048698, 99
123, 0.096485, 99
124, 0.079463, 99
125, 0.048832, 99
126, 0.049867, 99
127, 0.062172, 99
128, 0.063874, 99
129, 0.080303, 99
130, 0.091938, 99
131, 0.065895, 99
132, 0.070718, 99
133, 0.059793, 99
134, 0.058107, 99
135, 0.098328, 99
136, 0.078474, 99
137, 0.079110, 99
138, 0.071128, 99
139, 0.061347, 99
140, 0.052359, 99
141, 0.053582, 99
142, 0.024047, 99
143, 0.048195, 99
144, 0.095747, 99
145, 0.069771, 99
146, 0.056398, 99
147, 0.082335, 99
148, 0.074330, 99
149, 0.074947, 99
150, 0.050832, 99
1, 0.063434, 99
2, 0.066277, 99
3, 0.049157, 99
4, 0.065793, 99
5, 0.050257, 99
6, 0.053944, 99
7, 0.107138, 99
8, 0.109080, 99
9, 0.102665, 99
10, 0.069510, 99
11, 0.301468, 99
12, 0.268080, 99
13, 0.255732, 99
14, 0.322923, 99
15, 0.354065, 99
16, 0.192464, 99
17, 0.308968, 99
18, 0.323814, 99
19, 0.342534, 99
20, 0.301393, 99
21, 0.107246, 99
22, 0.083115, 99
23, 0.091586, 99
24, 0.070972, 99
25, 0.090000, 99
26, 0.091310, 99
27, 0.080686, 99
28, 0.096873, 99
29, 0.047556, 99
30, 0.093305, 99
31, 0.099739, 99
32, 0.105208, 99
33, 0.077525, 99
34, 0.101084, 99
35, 0.085460, 99
36, 0.044744, 99
37, 0.093255, 99
38, 0.057874, 99
39, 0.034914, 99
40, 0.038495, 99
41, 0.116285, 99
42, 0.106075, 99
43, 0.115324, 99
44, 0.073951, 99
45, 0.094081, 99
46, 0.057021, 99
47, 0.043589, 99
48, 0.065143, 99
49, 0.055683, 99
50, 0.038223, 99
51, 0.023251, 99
52, 0.038949, 99
53, 0.041281, 99
54, 0.077991, 99
55, 0.076289, 99
56, 0.085364, 99
57, 0.078412, 99
58, 0.088475, 99
59, 0.046461, 99
60, 0.114663, 99
61, 0.071063, 99
62, 0.061589, 99
63, 0.081026, 99
64, 0.065748, 99
65, 0.086377, 99
66, 0.078983, 99
67, 0.109373, 99
68, 0.070458, 99
69, 0.092803, 99
70, 0.064926, 99
71, 0.054515, 99
72, 0.038037, 99
73, 0.031315, 99
74, 0.069806, 99
75, 0.104760, 99
76, 0.110248, 99
77, 0.087205, 99
78, 0.070977, 99
79, 0.103169, 99
80, 0.081191, 99
81, 0.082671, 99
82, 0.062333, 99
83, 0.100885, 99
84, 0.056837, 99
85, 0.077062, 99
86, 0.048336, 99
87, 0.084677, 99
88, 0.052331, 99
89, 0.053965, 99
90, 0.107873, 99
91, 0.114890, 99
92, 0.111813, 99
93, 0.109693, 99
94, 0.083825, 99
95, 0.123055, 99
96, 0.109388, 99
97, 0.123153, 99
98, 0.077103, 99
99, 0.085724, 99
100, 0.110071, 99
101, 0.094632, 99
102, 0.120593, 99
103, 0.078912, 99
104, 0.098085, 99
105, 0.099164, 99
106, 0.071671, 99
107, 0.099257, 99
108, 0.095459, 99
109, 0.090799, 99
110, 0.105420, 99
111, 0.095314, 99
112, 0.102737, 99
113, 0.074575, 99
114, 0.074616, 99
115, 0.070300, 99
116, 0.078181, 99
117, 0.101651, 99
118, 0.083057, 99
119, 0.073327, 99
120, 0.085143, 99
121, 0.048810, 99
122, 0.043979, 99
123, 0.087886, 99
124, 0.099460, 99
125, 0.073403, 99
126, 0.087804, 99
127, 0.088492, 99
128, 0.082128, 99
129, 0.080792, 99
130, 0.089854, 99
131, 0.094096, 99
132, 0.053012, 99
133, 0.102089, 99
134, 0.114124, 99
135, 0.107568, 99
136, 0.103048, 99
137, 0.112896, 99
138, 0.074755, 99
139, 0.104871, 99
140, 0.084094, 99
141, 0.060851, 99
142, 0.053753, 99
143, 0.053882, 99
144, 0.114615, 99
145, 0.086648, 99
146, 0.058110, 99
147, 0.090182, 99
148, 0.081302, 99
149, 0.071161, 99
150, 0.034594, 99
1, 0.055550, 99
2, 0.084347, 99
3, 0.103177, 99
4, 0.041971, 99
5, 0.040081, 99
6, 0.050987, 99
7, 0.076974, 99
8, 0.106158, 99
9, 0.110211, 99
10, 0.061460, 99
11, 0.086239, 99
12, 0.071236, 99
13, 0.114183, 99
14, 0.071749, 99
15, 0.080234, 99
16, 0.060954, 99
17, 0.084662, 99
18, 0.066705, 99
19, 0.079652, 99
20, 0.045419, 99
21, 0.291486, 99
22, 0.344499, 99
23, 0.398589, 99
24, 0.321808, 99
25, 0.316732, 99
26, 0.314380, 99
27, 0.301891, 99
28, 0.373681, 99
29, 0.282080, 99
30, 0.363378, 99
31, 0.127991, 99
32, 0.133495, 99
33, 0.086720, 99
34, 0.140859, 99
35, 0.093656, 99
36, 0.073805, 99
37, 0.111672, 99
38, 0.074509, 99
39, 0.055138, 99
40, 0.084538, 99
41, 0.137751, 99
42, 0.151633, 99
43, 0.090162, 99
44, 0.091564, 99
45, 0.087172, 99
46, 0.118846, 99
47, 0.052768, 99
48, 0.101394, 99
49, 0.054814, 99
50, 0.018912, 99
51, 0.023271, 99
52, 0.045099, 99
53, 0.043322, 99
54, 0.119507, 99
55, 0.106977, 99
56, 0.112752, 99
57, 0.100481, 99
58, 0.112858, 99
59, 0.071824, 99
60, 0.142371, 99
61, 0.078430, 99
62, 0.083705, 99
63, 0.096502, 99
64, 0.070321, 99
65, 0.106719, 99
66, 0.081833, 99
67, 0.138104, 99
68, 0.100531, 99
69, 0.092475, 99
70, 0.075675, 99
71, 0.085272, 99
72, 0.072915, 99
73, 0.067514, 99
74, 0.094764, 99
75, 0.140957, 99
76, 0.124244, 99
77, 0.113093, 99
78, 0.118532, 99
79, 0.138797, 99
80, 0.114690, 99
81, 0.087810, 99
82, 0.074860, 99
83, 0.104301, 99
84, 0.054067, 99
85, 0.054389, 99
86, 0.064505, 99
87, 0.067738, 99
88, 0.041923, 99
89, 0.051084, 99
90, 0.126057, 99
91, 0.135371, 99
92, 0.121042, 99
93, 0.122978, 99
94, 0.093326, 99
95, 0.118585, 99
96, 0.092066, 99
97, 0.084196, 99
98, 0.088240, 99
99, 0.125236, 99
100, 0.145690, 99
101, 0.157170, 99
102, 0.141031, 99
103, 0.110605, 99
104, 0.139060, 99
105, 0.143755, 99
106, 0.120331, 99
107, 0.109333, 99
108, 0.141816, 99
109, 0.117017, 99
110, 0.123911, 99
111, 0.137388, 99
112, 0.142579, 99
113, 0.085065, 99
114, 0.085039, 99
115, 0.124408, 99
116, 0.123907, 99
117, 0.129549, 99
118, 0.070488, 99
119, 0.068374, 99
120, 0.104279, 99
121, 0.062680, 99
122, 0.058769, 99
123, 0.099219, 99
124, 0.110716, 99
125, 0.105299, 99
126, 0.113418, 99
127, 0.124055, 99
128, 0.131884, 99
129, 0.102809, 99
130, 0.092875, 99
131, 0.118456, 99
132, 0.067768, 99
133, 0.088623, 99
134, 0.100123, 99
135, 0.120188, 99
136, 0.155995, 99
137, 0.142040, 99
138, 0.119819, 99
139, 0.121976, 99
140, 0.123347, 99
141, 0.096566, 99
142, 0.072138, 99
143, 0.090358, 99
144, 0.161415, 99
145, 0.113346, 99
146, 0.109456, 99
147, 0.100103, 99
148, 0.078970, 99
149, 0.082475, 99
150, 0.064952, 99
1, 0.052540, 99
2, 0.082489, 99
3, 0.094424, 99
4, 0.038880, 99
5, 0.040493, 99
6, 0.034325, 99
7, 0.083899, 99
8, 0.095758, 99
9, 0.092887, 99
10, 0.094746, 99
11, 0.071752, 99
12, 0.080263, 99
13, 0.112673, 99
14, 0.064998, 99
15, 0.077928, 99
16, 0.069525, 99
17, 0.083749, 99
18, 0.061920, 99
19, 0.070902, 99
20, 0.034769, 99
21, 0.109930, 99
22, 0.089134, 99
23, 0.118913, 99
24, 0.097006, 99
25, 0.117785, 99
26, 0.077281, 99
27, 0.091470, 99
28, 0.106325, 99
29, 0.073606, 99
30, 0.110218, 99
31, 0.337062, 99
32, 0.378280, 99
33, 0.265718, 99
34, 0.413470, 99
35, 0.235203, 99
36, 0.171043, 99
37, 0.330250, 99
38, 0.316666, 99
39, 0.174188, 99
40, 0.194731, 99
41, 0.093833, 99
42, 0.109260, 99
43, 0.086039, 99
44, 0.095383, 99
45, 0.083581, 99
46, 0.085930, 99
47, 0.025757, 99
48, 0.107703, 99
49, 0.072216, 99
50, 0.028421, 99
51, 0.013294, 99
52, 0.041669, 99
53, 0.039929, 99
54, 0.092315, 99
55, 0.091650, 99
56, 0.085767, 99
57, 0.085104, 99
58, 0.075782, 99
59, 0.061404, 99
60, 0.136625, 99
61, 0.064672, 99
62, 0.089172, 99
63, 0.090370, 99
64, 0.081516, 99
65, 0.101394, 99
66, 0.067265, 99
67, 0.128299, 99
68, 0.088346, 99
69, 0.066166, 99
70, 0.052333, 99
71, 0.044319, 99
72, 0.041444, 99
73, 0.060767, 99
74, 0.076741, 99
75, 0.107461, 99
76, 0.119588, 99
77, 0.092817, 99
78, 0.091943, 99
79, 0.120000, 99
80, 0.100602, 99
81, 0.082189, 99
82, 0.079448, 99
83, 0.081687, 99
84, 0.046206, 99
85, 0.057352, 99
86, 0.045078, 99
87, 0.085336, 99
88, 0.028090, 99
89, 0.050953, 99
90, 0.105272, 99
91, 0.097268, 99
92, 0.131106, 99
93, 0.111381, 99
94, 0.083005, 99
95, 0.089180, 99
96, 0.075801, 99
97, 0.086595, 99
98, 0.077159, 99
99, 0.099897, 99
100, 0.116226, 99
101, 0.114759, 99
102, 0.127738, 99
103, 0.062278, 99
104, 0.110929, 99
105, 0.129545, 99
106, 0.091075, 99
107, 0.086208, 99
108, 0.104366, 99
109, 0.112154, 99
110, 0.101395, 99
111, 0.092674, 99
112, 0.089778, 99
113, 0.069222, 99
114, 0.071326, 99
115, 0.079953, 99
116, 0.091570, 99
117, 0.110062, 99
118, 0.066511, 99
119, 0.091625, 99
120, 0.095880, 99
121, 0.064148, 99
122, 0.050581, 99
123, 0.094735, 99
124, 0.105630, 99
125, 0.084543, 99
126, 0.091310, 99
127, 0.074811, 99
128, 0.099163, 99
129, 0.091741, 99
130, 0.094268, 99
131, 0.091244, 99
132, 0.063398, 99
133, 0.096604, 99
134, 0.115910, 99
135, 0.102871, 99
136, 0.128361, 99
137, 0.135517, 99
138, 0.109337, 99
139, 0.099580, 99
140, 0.089303, 99
141, 0.065774, 99
142, 0.073217, 99
143, 0.075227, 99
144, 0.135089, 99
145, 0.073696, 99
146, 0.106456, 99
147, 0.099344, 99
148, 0.079554, 99
149, 0.083742, 99
150, 0.064247, 99
1, 0.052188, 99
2, 0.062745, 99
3, 0.069249, 99
4, 0.045116, 99
5, 0.031530, 99
6, 0.034700, 99
7, 0.074214, 99
8, 0.085394, 99
9, 0.083054, 99
10, 0.058426, 99
11, 0.076292, 99
12, 0.060764, 99
13, 0.096870, 99
14, 0.067600, 99
15, 0.077212, 99
16, 0.053822, 99
17, 0.056783, 99
18, 0.062097, 99
19, 0.075851, 99
20, 0.065186, 99
21, 0.103586, 99
22, 0.084486, 99
23, 0.139169, 99
24, 0.080660, 99
25, 0.106613, 99
26, 0.078787, 99
27, 0.066890, 99
28, 0.100215, 99
29, 0.054930, 99
30, 0.116502, 99
31, 0.109942, 99
32, 0.117967, 99
33, 0.073134, 99
34, 0.096880, 99
35, 0.079542, 99
36, 0.075567, 99
37, 0.091174, 99
38, 0.037067, 99
39, 0.047031, 99
40, 0.064860, 99
41, 0.341078, 99
42, 0.367428, 99
43, 0.320094, 99
44, 0.308927, 99
45, 0.309428, 99
46, 0.268671, 99
47, 0.231595, 99
48, 0.248217, 99
49, 0.130554, 99
50, 0.188792, 99
51, 0.016640, 99
52, 0.042144, 99
53, 0.062897, 99
54, 0.093988, 99
55, 0.087945, 99
56, 0.083147, 99
57, 0.071328, 99
58, 0.067818, 99
59, 0.048971, 99
60, 0.111702, 99
61, 0.063755, 99
62, 0.057676, 99
63, 0.069603, 99
64, 0.071597, 99
65, 0.090352, 99
66, 0.059067, 99
67, 0.099234, 99
68, 0.080439, 99
69, 0.069943, 99
70, 0.056490, 99
71, 0.064220, 99
72, 0.061870, 99
73, 0.031534, 99
74, 0.062418, 99
75, 0.109374, 99
76, 0.119937, 99
77, 0.092979, 99
78, 0.083273, 99
79, 0.101644, 99
80, 0.100089, 99
81, 0.068552, 99
82, 0.074276, 99
83, 0.079832, 99
84, 0.042823, 99
85, 0.051278, 99
86, 0.043851, 99
87, 0.073318, 99
88, 0.030907, 99
89, 0.043500, 99
90, 0.127320, 99
91, 0.112027, 99
92, 0.109994, 99
93, 0.095683, 99
94, 0.080278, 99
95, 0.100049, 99
96, 0.099457, 99
97, 0.079484, 99
98, 0.088775, 99
99, 0.095595, 99
100, 0.078862, 99
101, 0.095619, 99
102, 0.130655, 99
103, 0.103020, 99
104, 0.108402, 99
105, 0.115501, 99
106, 0.091374, 99
107, 0.075859, 99
108, 0.103309, 99
109, 0.088231, 99
110, 0.099489, 99
111, 0.103281, 99
112, 0.115507, 99
113, 0.070660, 99
114, 0.076016, 99
115, 0.094234, 99
116, 0.100992, 99
117, 0.090341, 99
118, 0.039804, 99
119, 0.052683, 99
120, 0.077480, 99
121, 0.043060, 99
122, 0.031982, 99
123, 0.081309, 99
124, 0.094371, 99
125, 0.076612, 99
126, 0.083092, 99
127, 0.106703, 99
128, 0.086537, 99
129, 0.070336, 99
130, 0.054310, 99
131, 0.090399, 99
132, 0.045142, 99
133, 0.097273, 99
134, 0.099066, 99
135, 0.085321, 99
136, 0.108836, 99
137, 0.113649, 99
138, 0.097184, 99
139, 0.086322, 99
140, 0.090482, 99
141, 0.046292, 99
142, 0.069649, 99
143, 0.085264, 99
144, 0.111122, 99
145, 0.079620, 99
146, 0.080895, 99
147, 0.075197, 99
148, 0.062485, 99
149, 0.058895, 99
150, 0.042330, 99
1, 0.053535, 99
2, 0.053753, 99
3, 0.066293, 99
4, 0.006493, 99
5, 0.024661, 99
6, 0.027260, 99
7, 0.039995, 99
8, 0.077510, 99
9, 0.078101, 99
10, 0.062477, 99
11, 0.050759, 99
12, 0.065907, 99
13, 0.077096, 99
14, 0.048245, 99
15, 0.055833, 99
16, 0.051060, 99
17, 0.071995, 99
18, 0.042522, 99
19, 0.053133, 99
20, 0.042217, 99
21, 0.126869, 99
22, 0.061549, 99
23, 0.065005, 99
24, 0.067187, 99
25, 0.110924, 99
26, 0.087129, 99
27, 0.049189, 99
28, 0.077613, 99
29, 0.061337, 99
30, 0.079481, 99
31, 0.084943, 99
32, 0.093037, 99
33, 0.063999, 99
34, 0.076085, 99
35, 0.048562, 99
36, 0.068847, 99
37, 0.062859, 99
38, 0.041236, 99
39, 0.043836, 99
40, 0.078618, 99
41, 0.081479, 99
42, 0.102807, 99
43, 0.056074, 99
44, 0.055428, 99
45, 0.043886, 99
46, 0.072438, 99
47, 0.026034, 99
48, 0.075573, 99
49, 0.037422, 99
50, 0.008842, 99
51, 0.201137, 99
52, 0.175819, 99
53, 0.204546, 99
54, 0.398336, 99
55, 0.388129, 99
56, 0.299653, 99
57, 0.181484, 99
58, 0.321923, 99
59, 0.298337, 99
60, 0.358463, 99
61, 0.045656, 99
62, 0.043918, 99
63, 0.065975, 99
64, 0.058349, 99
65, 0.082066, 99
66, 0.078207, 99
67, 0.095863, 99
68, 0.071091, 99
69, 0.027910, 99
70, 0.025705, 99
71, 0.060875, 99
72, 0.059574, 99
73, 0.036017, 99
74, 0.067817, 99
75, 0.091806, 99
76, 0.111608, 99
77, 0.080188, 99
78, 0.083424, 99
79, 0.081217, 99
80, 0.078346, 99
81, 0.048673, 99
82, 0.046853, 99
83, 0.052579, 99
84, 0.016460, 99
85, 0.047920, 99
86, 0.025494, 99
87, 0.041090, 99
88, 0.024098, 99
89, 0.029799, 99
90, 0.125509, 99
91, 0.085602, 99
92, 0.079239, 99
93, 0.083297, 99
94, 0.065765, 99
95, 0.104499, 99
96, 0.053458, 99
97, 0.067803, 99
98, 0.038559, 99
99, 0.058951, 99
100, 0.079784, 99
101, 0.113289, 99
102, 0.120835, 99
103, 0.083198, 99
104, 0.079272, 99
105, 0.078384, 99
106, 0.093665, 99
107, 0.060501, 99
108, 0.107394, 99
109, 0.089734, 99
110, 0.082194, 99
111, 0.107248, 99
112, 0.101327, 99
113, 0.071549, 99
114, 0.057068, 99
115, 0.098941, 99
116, 0.100699, 99
117, 0.068265, 99
118, 0.036886, 99
119, 0.039874, 99
120, 0.060087, 99
121, 0.044590, 99
122, 0.032292, 99
123, 0.069898, 99
124, 0.064169, 99
125, 0.058703, 99
126, 0.078311, 99
127, 0.074753, 99
128, 0.084320, 99
129, 0.077317, 99
130, 0.056892, 99
131, 0.065673, 99
132, 0.050416, 99
133, 0.045253, 99
134, 0.045416, 99
135, 0.075274, 99
136, 0.105204, 99
137, 0.103736, 99
138, 0.092061, 99
139, 0.086640, 99
140, 0.082777, 99
141, 0.063252, 99
142, 0.074170, 99
143, 0.059867, 99
144, 0.077127, 99
145, 0.048794, 99
146, 0.083472, 99
147, 0.080390, 99
148, 0.050140, 99
149, 0.058671, 99
150, 0.042306, 99
1, 0.064467, 99
2, 0.085205, 99
3, 0.072768, 99
4, 0.049929, 99
5, 0.058938, 99
6, 0.064824, 99
7, 0.067734, 99
8, 0.081294, 99
9, 0.087521, 99
10, 0.057571, 99
11, 0.074977, 99
12, 0.073713, 99
13, 0.100034, 99
14, 0.077801, 99
15, 0.078036, 99
16, 0.057123, 99
17, 0.071955, 99
18, 0.050564, 99
19, 0.077286, 99
20, 0.038880, 99
21, 0.097677, 99
22, 0.082387, 99
23, 0.101650, 99
24, 0.075576, 99
25, 0.098974, 99
26, 0.064642, 99
27, 0.084472, 99
28, 0.087858, 99
29, 0.061294, 99
30, 0.077463, 99
31, 0.087527, 99
32, 0.086821, 99
33, 0.071927, 99
34, 0.103085, 99
35, 0.073704, 99
36, 0.079288, 99
37, 0.103116, 99
38, 0.073701, 99
39, 0.035627, 99
40, 0.065695, 99
41, 0.088854, 99
42, 0.107776, 99
43, 0.072625, 99
44, 0.046005, 99
45, 0.063605, 99
46, 0.070508, 99
47, 0.052633, 99
48, 0.077148, 99
49, 0.057389, 99
50, 0.032824, 99
51, 0.016080, 99
52, 0.037436, 99
53, 0.039024, 99
54, 0.072877, 99
55, 0.068305, 99
56, 0.074162, 99
57, 0.073163, 99
58, 0.080661, 99
59, 0.059012, 99
60, 0.113205, 99
61, 0.390151, 99
62, 0.400202, 99
63, 0.323102, 99
64, 0.363998, 99
65, 0.323960, 99
66, 0.376356, 99
67, 0.340189, 99
68, 0.168469, 99
69, 0.238927, 99
70, 0.201237, 99
71, 0.058398, 99
72, 0.051135, 99
73, 0.052064, 99
74, 0.066891, 99
75, 0.107191, 99
76, 0.102424, 99
77, 0.084581, 99
78, 0.105638, 99
79, 0.118369, 99
80, 0.081616, 99
81, 0.079766, 99
82, 0.061210, 99
83, 0.103047, 99
84, 0.058565, 99
85, 0.058113, 99
86, 0.041963, 99
87, 0.075602, 99
88, 0.031510, 99
89, 0.045327, 99
90, 0.108662, 99
91, 0.086046, 99
92, 0.112466, 99
93, 0.111886, 99
94, 0.097275, 99
95, 0.087118, 99
96, 0.066195, 99
97, 0.083346, 99
98, 0.057138, 99
99, 0.092103, 99
100, 0.102540, 99
101, 0.096098, 99
102, 0.106826, 99
103, 0.077674, 99
104, 0.089081, 99
105, 0.089777, 99
106, 0.087468, 99
107, 0.064224, 99
108, 0.099887, 99
109, 0.114714, 99
110, 0.095212, 99
111, 0.094988, 99
112, 0.092087, 99
113, 0.061683, 99
114, 0.068006, 99
115, 0.082847, 99
116, 0.087306, 99
117, 0.095950, 99
118, 0.054419, 99
119, 0.069339, 99
120, 0.085312, 99
121, 0.062459, 99
122, 0.046580, 99
123, 0.077013, 99
124, 0.092005, 99
125, 0.071036, 99
126, 0.062963, 99
127, 0.086596, 99
128, 0.092629, 99
129, 0.074121, 99
130, 0.092419, 99
131, 0.072256, 99
132, 0.058802, 99
133, 0.087037, 99
134, 0.075756, 99
135, 0.101983, 99
136, 0.086217, 99
137, 0.089472, 99
138, 0.078977, 99
139, 0.095146, 99
140, 0.076875, 99
141, 0.076489, 99
142, 0.057432, 99
143, 0.060698, 99
144, 0.097793, 99
145, 0.073389, 99
146, 0.077019, 99
147, 0.086561, 99
148, 0.069022, 99
149, 0.087576, 99
150, 0.057031, 99
1, 0.059104, 99
2, 0.079059, 99
3, 0.098414, 99
4, 0.054203, 99
5, 0.025786, 99
6, 0.048335, 99
7, 0.074117, 99
8, 0.106014, 99
9, 0.113203, 99
10, 0.060036, 99
11, 0.090562, 99
12, 0.041863, 99
13, 0.115525, 99
14, 0.070820, 99
15, 0.093504, 99
16, 0.064660, 99
17, 0.102163, 99
18, 0.059181, 99
19, 0.079409, 99
20, 0.028250, 99
21, 0.128214, 99
22, 0.079169, 99
23, 0.125854, 99
24, 0.108230, 99
25, 0.140615, 99
26, 0.117691, 99
27, 0.085868, 99
28, 0.107891, 99
29, 0.098761, 99
30, 0.122382, 99
31, 0.123280, 99
32, 0.120711, 99
33, 0.094615, 99
34, 0.135268, 99
35, 0.080932, 99
36, 0.094177, 99
37, 0.095166, 99
38, 0.063881, 99
39, 0.043958, 99
40, 0.077121, 99
41, 0.119424, 99
42, 0.139884, 99
43, 0.087687, 99
44, 0.082834, 99
45, 0.073566, 99
46, 0.101389, 99
47, 0.030766, 99
48, 0.102441, 99
49, 0.053129, 99
50, 0.030317, 99
51, 0.033257, 99
52, 0.049609, 99
53, 0.044746, 99
54, 0.099429, 99
55, 0.094296, 99
56, 0.115849, 99
57, 0.093915, 99
58, 0.108023, 99
59, 0.074157, 99
60, 0.152526, 99
61, 0.084296, 99
62, 0.088550, 99
63, 0.090239, 99
64, 0.087374, 99
65, 0.111743, 99
66, 0.076721, 99
67, 0.140029, 99
68, 0.080196, 99
69, 0.081319, 99
70, 0.081920, 99
71, 0.263833, 99
72, 0.284281, 99
73, 0.235355, 99
74, 0.248102, 99
75, 0.382698, 99
76, 0.357222, 99
77, 0.398942, 99
78, 0.425031, 99
79, 0.364673, 99
80, 0.292632, 99
81, 0.092580, 99
82, 0.085506, 99
83, 0.121701, 99
84, 0.031974, 99
85, 0.058494, 99
86, 0.065335, 99
87, 0.066135, 99
88, 0.036508, 99
89, 0.047160, 99
90, 0.132044, 99
91, 0.111491, 99
92, 0.106915, 99
93, 0.136648, 99
94, 0.089022, 99
95, 0.097552, 99
96, 0.092508, 99
97, 0.089869, 99
98, 0.077907, 99
99, 0.109674, 99
100, 0.132744, 99
101, 0.142346, 99
102, 0.145158, 99
103, 0.089907, 99
104, 0.132130, 99
105, 0.139168, 99
106, 0.137534, 99
107, 0.083584, 99
108, 0.142390, 99
109, 0.116490, 99
110, 0.128359, 99
111, 0.122678, 99
112, 0.111309, 99
113, 0.075502, 99
114, 0.097428, 99
115, 0.113879, 99
116, 0.120177, 99
117, 0.133481, 99
118, 0.050681, 99
119, 0.065396, 99
120, 0.101352, 99
121, 0.057867, 99
122, 0.038505, 99
123, 0.117652, 99
124, 0.103935, 99
125, 0.077362, 99
126, 0.111456, 99
127, 0.111044, 99
128, 0.111272, 99
129, 0.111153, 99
130, 0.073973, 99
131, 0.092436, 99
132, 0.063599, 99
133, 0.085876, 99
134, 0.102230, 99
135, 0.128592, 99
136, 0.141713, 99
137, 0.133694, 99
138, 0.138369, 99
139, 0.114478, 99
140, 0.107295, 99
141, 0.111983, 99
142, 0.075095, 99
143, 0.082029, 99
144, 0.144153, 99
145, 0.089575, 99
146, 0.106359, 99
147, 0.099897, 99
148, 0.063097, 99
149, 0.096535, 99
150, 0.072236, 99
1, 0.073284, 99
2, 0.066692, 99
3, 0.075723, 99
4, 0.049302, 99
5, 0.050364, 99
6, 0.058659, 99
7, 0.081712, 99
8, 0.079315, 99
9, 0.089147, 99
10, 0.101094, 99
11, 0.066929, 99
12, 0.071355, 99
13, 0.079848, 99
14, 0.085918, 99
15, 0.062250, 99
16, 0.066060, 99
17, 0.064290, 99
18, 0.065215, 99
19, 0.079681, 99
20, 0.045616, 99
21, 0.086364, 99
22, 0.068879, 99
23, 0.078247, 99
24, 0.051732, 99
25, 0.094450, 99
26, 0.074319, 99
27, 0.057434, 99
28, 0.061308, 99
29, 0.053164, 99
30, 0.083829, 99
31, 0.112224, 99
32, 0.093408, 99
33, 0.057562, 99
34, 0.084654, 99
35, 0.074007, 99
36, 0.064368, 99
37, 0.084673, 99
38, 0.055695, 99
39, 0.014044, 99
40, 0.043264, 99
41, 0.101736, 99
42, 0.087637, 99
43, 0.068535, 99
44, 0.054554, 99
45, 0.082071, 99
46, 0.075194, 99
47, 0.043245, 99
48, 0.080279, 99
49, 0.069753, 99
50, 0.058955, 99
51, 0.030565, 99
52, 0.050573, 99
53, 0.044094, 99
54, 0.077680, 99
55, 0.072577, 99
56, 0.076637, 99
57, 0.091183, 99
58, 0.070931, 99
59, 0.036437, 99
60, 0.085345, 99
61, 0.062288, 99
62, 0.061154, 99
63, 0.063824, 99
64, 0.060685, 99
65, 0.076209, 99
66, 0.064335, 99
67, 0.110514, 99
68, 0.055063, 99
69, 0.066094, 99
70, 0.052080, 99
71, 0.038202, 99
72, 0.033737, 99
73, 0.039716, 99
74, 0.060875, 99
75, 0.101999, 99
76, 0.087311, 99
77, 0.093785, 99
78, 0.080885, 99
79, 0.097122, 99
80, 0.086868, 99
81, 0.461002, 99
82, 0.271325, 99
83, 0.283352, 99
84, 0.211222, 99
85, 0.198302, 99
86, 0.217671, 99
87, 0.284266, 99
88, 0.130250, 99
89, 0.168819, 99
90, 0.443387, 99
91, 0.085555, 99
92, 0.099056, 99
93, 0.095626, 99
94, 0.083158, 99
95, 0.073296, 99
96, 0.065238, 99
97, 0.071944, 99
98, 0.042864, 99
99, 0.064228, 99
100, 0.065548, 99
101, 0.077801, 99
102, 0.100799, 99
103, 0.074119, 99
104, 0.094169, 99
105, 0.095292, 99
106, 0.077266, 99
107, 0.071789, 99
108, 0.111704, 99
109, 0.082587, 99
110, 0.105574, 99
111, 0.084345, 99
112, 0.075870, 99
113, 0.044228, 99
114, 0.053378, 99
115, 0.072994, 99
116, 0.080667, 99
117, 0.082038, 99
118, 0.060511, 99
119, 0.062210, 99
120, 0.078944, 99
121, 0.074875, 99
122, 0.034399, 99
123, 0.075031, 99
124, 0.081562, 99
125, 0.070930, 99
126, 0.055186, 99
127, 0.068685, 99
128, 0.080491, 99
129, 0.079109, 99
130, 0.070274, 99
131, 0.070113, 99
132, 0.083171, 99
133, 0.077599, 99
134, 0.060009, 99
135, 0.074003, 99
136, 0.102780, 99
137, 0.106786, 99
138, 0.088435, 99
139, 0.071511, 99
140, 0.055811, 99
141, 0.066622, 99
142, 0.059021, 99
143, 0.069772, 99
144, 0.100442, 99
145, 0.073520, 99
146, 0.061799, 99
147, 0.087042, 99
148, 0.066879, 99
149, 0.080668, 99
150, 0.043269, 99
1, 0.070162, 99
2, 0.078159, 99
3, 0.060704, 99
4, 0.044078, 99
5, 0.042724, 99
6, 0.051756, 99
7, 0.086152, 99
8, 0.119976, 99
9, 0.104626, 99
10, 0.069263, 99
11, 0.087029, 99
12, 0.083764, 99
13, 0.101452, 99
14, 0.100920, 99
15, 0.116756, 99
16, 0.081371, 99
17, 0.115100, 99
18, 0.088228, 99
19, 0.122605, 99
20, 0.053563, 99
21, 0.133843, 99
22, 0.090912, 99
23, 0.122757, 99
24, 0.092262, 99
25, 0.121466, 99
26, 0.097670, 99
27, 0.106308, 99
28, 0.129676, 99
29, 0.084300, 99
30, 0.119243, 99
31, 0.113417, 99
32, 0.137826, 99
33, 0.089122, 99
34, 0.125114, 99
35, 0.094542, 99
36, 0.074800, 99
37, 0.112014, 99
38, 0.066740, 99
39, 0.045144, 99
40, 0.074388, 99
41, 0.128130, 99
42, 0.133224, 99
43, 0.121193, 99
44, 0.101115, 99
45, 0.090344, 99
46, 0.079961, 99
47, 0.055533, 99
48, 0.097683, 99
49, 0.049743, 99
50, 0.046472, 99
51, 0.033181, 99
52, 0.062251, 99
53, 0.043802, 99
54, 0.109382, 99
55, 0.102070, 99
56, 0.109455, 99
57, 0.096116, 99
58, 0.102432, 99
59, 0.069313, 99
60, 0.145751, 99
61, 0.064939, 99
62, 0.068245, 99
63, 0.097681, 99
64, 0.093829, 99
65, 0.104042, 99
66, 0.084054, 99
67, 0.132711, 99
68, 0.086158, 99
69, 0.091602, 99
70, 0.077774, 99
71, 0.080766, 99
72, 0.047217, 99
73, 0.047598, 99
74, 0.075283, 99
75, 0.149681, 99
76, 0.133160, 99
77, 0.104785, 99
78, 0.108393, 99
79, 0.112053, 99
80, 0.105362, 99
81, 0.086691, 99
82, 0.070667, 99
83, 0.106763, 99
84, 0.065032, 99
85, 0.063317, 99
86, 0.048153, 99
87, 0.073265, 99
88, 0.041615, 99
89, 0.065789, 99
90, 0.140705, 99
91, 0.405330, 99
92, 0.351505, 99
93, 0.337810, 99
94, 0.322735, 99
95, 0.382518, 99
96, 0.331316, 99
97, 0.350304, 99
98, 0.290578, 99
99, 0.255828, 99
100, 0.374996, 99
101, 0.136206, 99
102, 0.159904, 99
103, 0.107979, 99
104, 0.113470, 99
105, 0.138324, 99
106, 0.109039, 99
107, 0.098666, 99
108, 0.132430, 99
109, 0.128583, 99
110, 0.125384, 99
111, 0.139081, 99
112, 0.120720, 99
113, 0.095190, 99
114, 0.097580, 99
115, 0.115110, 99
116, 0.114196, 99
117, 0.125188, 99
118, 0.071264, 99
119, 0.085982, 99
120, 0.119141, 99
121, 0.056694, 99
122, 0.046382, 99
123, 0.110455, 99
124, 0.122278, 99
125, 0.086218, 99
126, 0.120120, 99
127, 0.106348, 99
128, 0.119808, 99
129, 0.108790, 99
130, 0.112436, 99
131, 0.112037, 99
132, 0.046887, 99
133, 0.098506, 99
134, 0.096745, 99
135, 0.122399, 99
136, 0.159789, 99
137, 0.143575, 99
138, 0.122745, 99
139, 0.123324, 99
140, 0.104372, 99
141, 0.093960, 99
142, 0.079190, 99
143, 0.084545, 99
144, 0.168276, 99
145, 0.097064, 99
146, 0.081314, 99
147, 0.114904, 99
148, 0.087466, 99
149, 0.099941, 99
150, 0.046966, 99
1, 0.085873, 99
2, 0.108334, 99
3, 0.112185, 99
4, 0.052519, 99
5, 0.047995, 99
6, 0.051904, 99
7, 0.097734, 99
8, 0.127270, 99
9, 0.140730, 99
10, 0.081551, 99
11, 0.073859, 99
12, 0.061688, 99
13, 0.121659, 99
14, 0.086171, 99
15, 0.110054, 99
16, 0.080957, 99
17, 0.094368, 99
18, 0.069318, 99
19, 0.084173, 99
20, 0.043934, 99
21, 0.155577, 99
22, 0.115011, 99
23, 0.136988, 99
24, 0.120031, 99
25, 0.159451, 99
26, 0.120531, 99
27, 0.093064, 99
28, 0.129283, 99
29, 0.079714, 99
30, 0.150631, 99
31, 0.157609, 99
32, 0.149050, 99
33, 0.096847, 99
34, 0.129283, 99
35, 0.090516, 99
36, 0.098941, 99
37, 0.157042, 99
38, 0.070703, 99
39, 0.044257, 99
40, 0.089977, 99
41, 0.140666, 99
42, 0.155499, 99
43, 0.116884, 99
44, 0.089176, 99
45, 0.099229, 99
46, 0.098506, 99
47, 0.047338, 99
48, 0.115551, 99
49, 0.069680, 99
50, 0.038207, 99
51, 0.018787, 99
52, 0.056762, 99
53, 0.026266, 99
54, 0.135893, 99
55, 0.126613, 99
56, 0.166656, 99
57, 0.125809, 99
58, 0.129952, 99
59, 0.062569, 99
60, 0.188224, 99
61, 0.074366, 99
62, 0.073801, 99
63, 0.113342, 99
64, 0.092948, 99
65, 0.130485, 99
66, 0.076615, 99
67, 0.179924, 99
68, 0.088548, 99
69, 0.093715, 99
70, 0.088321, 99
71, 0.076257, 99
72, 0.098609, 99
73, 0.044077, 99
74, 0.085803, 99
75, 0.163449, 99
76, 0.166296, 99
77, 0.124238, 99
78, 0.113626, 99
79, 0.149113, 99
80, 0.172270, 99
81, 0.118759, 99
82, 0.087929, 99
83, 0.127697, 99
84, 0.057301, 99
85, 0.064308, 99
86, 0.062303, 99
87, 0.081671, 99
88, 0.039037, 99
89, 0.051912, 99
90, 0.167636, 99
91, 0.124892, 99
92, 0.177137, 99
93, 0.154523, 99
94, 0.135932, 99
95, 0.111280, 99
96, 0.094756, 99
97, 0.103452, 99
98, 0.079630, 99
99, 0.122184, 99
100, 0.158149, 99
101, 0.318598, 99
102, 0.384590, 99
103, 0.236992, 99
104, 0.344344, 99
105, 0.370618, 99
106, 0.317637, 99
107, 0.277790, 99
108, 0.354012, 99
109, 0.331843, 99
110, 0.355246, 99
111, 0.139394, 99
112, 0.139171, 99
113, 0.079501, 99
114, 0.083610, 99
115, 0.125492, 99
116, 0.113228, 99
117, 0.156638, 99
118, 0.065334, 99
119, 0.090321, 99
120, 0.128588, 99
121, 0.084754, 99
122, 0.042288, 99
123, 0.121366, 99
124, 0.132440, 99
125, 0.092521, 99
126, 0.119860, 99
127, 0.130659, 99
128, 0.121664, 99
129, 0.129236, 99
130, 0.111624, 99
131, 0.123843, 99
132, 0.085915, 99
133, 0.115541, 99
134, 0.126954, 99
135, 0.147124, 99
136, 0.205766, 99
137, 0.203843, 99
138, 0.147627, 99
139, 0.156019, 99
140, 0.122341, 99
141, 0.103576, 99
142, 0.083969, 99
143, 0.115108, 99
144, 0.170444, 99
145, 0.094906, 99
146, 0.126787, 99
147, 0.124147, 99
148, 0.109144, 99
149, 0.111413, 99
150, 0.052790, 99
1, 0.066968, 99
2, 0.077790, 99
3, 0.084381, 99
4, 0.042155, 99
5, 0.033755, 99
6, 0.042135, 99
7, 0.068302, 99
8, 0.114360, 99
9, 0.094486, 99
10, 0.052765, 99
11, 0.082653, 99
12, 0.069201, 99
13, 0.108171, 99
14, 0.065439, 99
15, 0.072349, 99
16, 0.060468, 99
17, 0.090218, 99
18, 0.056719, 99
19, 0.079532, 99
20, 0.040410, 99
21, 0.108728, 99
22, 0.064797, 99
23, 0.102338, 99
24, 0.099106, 99
25, 0.118583, 99
26, 0.114716, 99
27, 0.073101, 99
28, 0.118158, 99
29, 0.093255, 99
30, 0.135439, 99
31, 0.108745, 99
32, 0.099176, 99
33, 0.083209, 99
34, 0.108541, 99
35, 0.080242, 99
36, 0.064549, 99
37, 0.094112, 99
38, 0.074579, 99
39, 0.051248, 99
40, 0.050589, 99
41, 0.112923, 99
42, 0.098279, 99
43, 0.101548, 99
44, 0.085446, 99
45, 0.078292, 99
46, 0.094031, 99
47, 0.041659, 99
48, 0.095371, 99
49, 0.058884, 99
50, 0.038548, 99
51, 0.004255, 99
52, 0.011954, 99
53, 0.059106, 99
54, 0.131387, 99
55, 0.111570, 99
56, 0.106756, 99
57, 0.070330, 99
58, 0.089370, 99
59, 0.061978, 99
60, 0.118117, 99
61, 0.071913, 99
62, 0.076637, 99
63, 0.088973, 99
64, 0.075504, 99
65, 0.089207, 99
66, 0.068741, 99
67, 0.123081, 99
68, 0.092517, 99
69, 0.070705, 99
70, 0.051410, 99
71, 0.077368, 99
72, 0.049890, 99
73, 0.044216, 99
74, 0.085819, 99
75, 0.134548, 99
76, 0.129319, 99
77, 0.108558, 99
78, 0.105251, 99
79, 0.103061, 99
80, 0.095022, 99
81, 0.070126, 99
82, 0.062686, 99
83, 0.108480, 99
84, 0.037274, 99
85, 0.052148, 99
86, 0.038945, 99
87, 0.061094, 99
88, 0.022899, 99
89, 0.034515, 99
90, 0.105237, 99
91, 0.131842, 99
92, 0.126000, 99
93, 0.117181, 99
94, 0.089913, 99
95, 0.090645, 99
96, 0.082602, 99
97, 0.098457, 99
98, 0.066009, 99
99, 0.107318, 99
100, 0.126513, 99
101, 0.147532, 99
102, 0.129829, 99
103, 0.098897, 99
104, 0.101552, 99
105, 0.123139, 99
106, 0.095777, 99
107, 0.079326, 99
108, 0.111256, 99
109, 0.104507, 99
110, 0.108190, 99
111, 0.329449, 99
112, 0.424356, 99
113, 0.303080, 99
114, 0.232659, 99
115, 0.228338, 99
116, 0.343681, 99
117, 0.324922, 99
118, 0.252763, 99
119, 0.213944, 99
120, 0.255915, 99
121, 0.045932, 99
122, 0.052649, 99
123, 0.091054, 99
124, 0.089834, 99
125, 0.080812, 99
126, 0.097740, 99
127, 0.099923, 99
128, 0.097642, 99
129, 0.106360, 99
130, 0.084988, 99
131, 0.088996, 99
132, 0.049988, 99
133, 0.076204, 99
134, 0.093604, 99
135, 0.103936, 99
136, 0.134526, 99
137, 0.129443, 99
138, 0.107854, 99
139, 0.104516, 99
140, 0.106654, 99
141, 0.085652, 99
142, 0.072517, 99
143, 0.069593, 99
144, 0.123611, 99
145, 0.101948, 99
146, 0.088000, 99
147, 0.102159, 99
148, 0.086078, 99
149, 0.082596, 99
150, 0.055585, 99
1, 0.062030, 99
2, 0.069774, 99
3, 0.065622, 99
4, 0.052635, 99
5, 0.055085, 99
6, 0.036757, 99
7, 0.065834, 99
8, 0.101731, 99
9, 0.105959, 99
10, 0.061614, 99
11, 0.070355, 99
12, 0.078178, 99
13, 0.095701, 99
14, 0.080787, 99
15, 0.075751, 99
16, 0.070370, 99
17, 0.081065, 99
18, 0.058467, 99
19, 0.081110, 99
20, 0.041289, 99
21, 0.102440, 99
22, 0.075186, 99
23, 0.120829, 99
24, 0.082054, 99
25, 0.099415, 99
26, 0.106343, 99
27, 0.065971, 99
28, 0.084532, 99
29, 0.081650, 99
30, 0.104032, 99
31, 0.104592, 99
32, 0.101548, 99
33, 0.062027, 99
34, 0.097996, 99
35, 0.083666, 99
36, 0.067980, 99
37, 0.104908, 99
38, 0.045666, 99
39, 0.041256, 99
40, 0.067069, 99
41, 0.109684, 99
42, 0.114793, 99
43, 0.084831, 99
44, 0.070101, 99
45, 0.065780, 99
46, 0.067091, 99
47, 0.033208, 99
48, 0.088329, 99
49, 0.049677, 99
50, 0.011775, 99
51, 0.042204, 99
52, 0.034536, 99
53, 0.046499, 99
54, 0.085468, 99
55, 0.073538, 99
56, 0.101163, 99
57, 0.082464, 99
58, 0.082620, 99
59, 0.061906, 99
60, 0.113840, 99
61, 0.060749, 99
62, 0.081051, 99
63, 0.084130, 99
64, 0.065714, 99
65, 0.093280, 99
66, 0.069622, 99
67, 0.105174, 99
68, 0.074153, 99
69, 0.061576, 99
70, 0.041172, 99
71, 0.053238, 99
72, 0.058529, 99
73, 0.036784, 99
74, 0.085143, 99
75, 0.100783, 99
76, 0.099607, 99
77, 0.109117, 99
78, 0.097326, 99
79, 0.094281, 99
80, 0.111329, 99
81, 0.073005, 99
82, 0.063077, 99
83, 0.085837, 99
84, 0.047656, 99
85, 0.054396, 99
86, 0.051802, 99
87, 0.072646, 99
88, 0.027853, 99
89, 0.037984, 99
90, 0.099884, 99
91, 0.110019, 99
92, 0.125120, 99
93, 0.111746, 99
94, 0.091617, 99
95, 0.084517, 99
96, 0.080174, 99
97, 0.076811, 99
98, 0.068454, 99
99, 0.088659, 99
100, 0.106282, 99
101, 0.117878, 99
102, 0.118956, 99
103, 0.089440, 99
104, 0.104456, 99
105, 0.121520, 99
106, 0.093963, 99
107, 0.068870, 99
108, 0.102362, 99
109, 0.083735, 99
110, 0.099413, 99
111, 0.107639, 99
112, 0.090177, 99
113, 0.056324, 99
114, 0.073310, 99
115, 0.088408, 99
116, 0.090464, 99
117, 0.095200, 99
118, 0.060888, 99
119, 0.054468, 99
120, 0.098003, 99
121, 0.281007, 99
122, 0.117881, 99
123, 0.227016, 99
124, 0.288555, 99
125, 0.305293, 99
126, 0.245335, 99
127, 0.375498, 99
128, 0.297317, 99
129, 0.359167, 99
130, 0.312313, 99
131, 0.078177, 99
132, 0.064013, 99
133, 0.085905, 99
134, 0.112857, 99
135, 0.102818, 99
136, 0.107711, 99
137, 0.120733, 99
138, 0.096139, 99
139, 0.104729, 99
140, 0.090737, 99
141, 0.063474, 99
142, 0.067384, 99
143, 0.068874, 99
144, 0.106885, 99
145, 0.073780, 99
146, 0.082835, 99
147, 0.095254, 99
148, 0.071730, 99
149, 0.082752, 99
150, 0.060999, 99
1, 0.081497, 99
2, 0.085736, 99
3, 0.101473, 99
4, 0.057933, 99
5, 0.044050, 99
6, 0.049444, 99
7, 0.092888, 99
8, 0.126898, 99
9, 0.117801, 99
10, 0.097301, 99
11, 0.090451, 99
12, 0.091056, 99
13, 0.126760, 99
14, 0.094282, 99
15, 0.108940, 99
16, 0.083303, 99
17, 0.107125, 99
18, 0.082616, 99
19, 0.084347, 99
20, 0.049900, 99
21, 0.135775, 99
22, 0.106040, 99
23, 0.120088, 99
24, 0.114653, 99
25, 0.150361, 99
26, 0.107390, 99
27, 0.087761, 99
28, 0.106668, 99
29, 0.097321, 99
30, 0.150761, 99
31, 0.146140, 99
32, 0.150311, 99
33, 0.110188, 99
34, 0.146267, 99
35, 0.111600, 99
36, 0.091290, 99
37, 0.126359, 99
38, 0.078025, 99
39, 0.057285, 99
40, 0.087059, 99
41, 0.127180, 99
42, 0.129856, 99
43, 0.117329, 99
44, 0.094308, 99
45, 0.091990, 99
46, 0.087860, 99
47, 0.040890, 99
48, 0.109499, 99
49, 0.079506, 99
50, 0.036906, 99
51, 0.038791, 99
52, 0.053196, 99
53, 0.043671, 99
54, 0.109820, 99
55, 0.110572, 99
56, 0.142644, 99
57, 0.118581, 99
58, 0.106230, 99
59, 0.059965, 99
60, 0.180442, 99
61, 0.084664, 99
62, 0.085254, 99
63, 0.096510, 99
64, 0.084198, 99
65, 0.114479, 99
66, 0.079701, 99
67, 0.172700, 99
68, 0.085632, 99
69, 0.077715, 99
70, 0.074916, 99
71, 0.086814, 99
72, 0.089797, 99
73, 0.067185, 99
74, 0.099313, 99
75, 0.138130, 99
76, 0.137611, 99
77, 0.116651, 99
78, 0.113923, 99
79, 0.155567, 99
80, 0.145438, 99
81, 0.113921, 99
82, 0.095986, 99
83, 0.125289, 99
84, 0.050529, 99
85, 0.077496, 99
86, 0.063264, 99
87, 0.088307, 99
88, 0.044930, 99
89, 0.067051, 99
90, 0.124535, 99
91, 0.127404, 99
92, 0.174196, 99
93, 0.135853, 99
94, 0.117177, 99
95, 0.107051, 99
96, 0.099463, 99
97, 0.093777, 99
98, 0.074668, 99
99, 0.105863, 99
100, 0.134804, 99
101, 0.139105, 99
102, 0.169583, 99
103, 0.111869, 99
104, 0.160357, 99
105, 0.168077, 99
106, 0.143446, 99
107, 0.117968, 99
108, 0.152397, 99
109, 0.139324, 99
110, 0.130476, 99
111, 0.142423, 99
112, 0.114593, 99
113, 0.086731, 99
114, 0.075243, 99
115, 0.096309, 99
116, 0.109200, 99
117, 0.127315, 99
118, 0.082405, 99
119, 0.086933, 99
120, 0.112646, 99
121, 0.085091, 99
122, 0.047999, 99
123, 0.122666, 99
124, 0.153657, 99
125, 0.113854, 99
126, 0.110978, 99
127, 0.124803, 99
128, 0.122694, 99
129, 0.122999, 99
130, 0.114817, 99
131, 0.301930, 99
132, 0.305922, 99
133, 0.327137, 99
134, 0.323471, 99
135, 0.352060, 99
136, 0.415050, 99
137, 0.434184, 99
138, 0.285867, 99
139, 0.296547, 99
140, 0.281872, 99
141, 0.108069, 99
142, 0.098977, 99
143, 0.087923, 99
144, 0.162540, 99
145, 0.093402, 99
146, 0.119660, 99
147, 0.131772, 99
148, 0.098333, 99
149, 0.105417, 99
150, 0.062636, 99
1, 0.062317, 99
2, 0.070698, 99
3, 0.095930, 99
4, 0.055582, 99
5, 0.032281, 99
6, 0.045940, 99
7, 0.084810, 99
8, 0.118231, 99
9, 0.099273, 99
10, 0.092180, 99
11, 0.081311, 99
12, 0.078256, 99
13, 0.116361, 99
14, 0.048855, 99
15, 0.078200, 99
16, 0.059744, 99
17, 0.096824, 99
18, 0.075360, 99
19, 0.070498, 99
20, 0.042823, 99
21, 0.116253, 99
22, 0.076858, 99
23, 0.114338, 99
24, 0.107175, 99
25, 0.118695, 99
26, 0.092135, 99
27, 0.110257, 99
28, 0.102755, 99
29, 0.079178, 99
30, 0.119109, 99
31, 0.127741, 99
32, 0.139283, 99
33, 0.100410, 99
34, 0.129768, 99
35, 0.103643, 99
36, 0.079439, 99
37, 0.088671, 99
38, 0.064334, 99
39, 0.051425, 99
40, 0.079129, 99
41, 0.108504, 99
42, 0.104825, 99
43, 0.092064, 99
44, 0.100300, 99
45, 0.068150, 99
46, 0.085139, 99
47, 0.033341, 99
48, 0.110110, 99
49, 0.051949, 99
50, 0.052833, 99
51, 0.026736, 99
52, 0.037271, 99
53, 0.040550, 99
54, 0.096169, 99
55, 0.093795, 99
56, 0.109180, 99
57, 0.079013, 99
58, 0.084320, 99
59, 0.053717, 99
60, 0.127048, 99
61, 0.090357, 99
62, 0.096130, 99
63, 0.080590, 99
64, 0.066815, 99
65, 0.094407, 99
66, 0.071043, 99
67, 0.139110, 99
68, 0.086157, 99
69, 0.077491, 99
70, 0.073183, 99
71, 0.069598, 99
72, 0.077815, 99
73, 0.077644, 99
74, 0.092920, 99
75, 0.125489, 99
76, 0.120364, 99
77, 0.117777, 99
78, 0.110030, 99
79, 0.103331, 99
80, 0.099518, 99
81, 0.092745, 99
82, 0.087817, 99
83, 0.099516, 99
84, 0.054686, 99
85, 0.070661, 99
86, 0.076740, 99
87, 0.072888, 99
88, 0.038134, 99
89, 0.049784, 99
90, 0.119845, 99
91, 0.130696, 99
92, 0.123901, 99
93, 0.116634, 99
94, 0.096237, 99
95, 0.102211, 99
96, 0.076684, 99
97, 0.083263, 99
98, 0.098042, 99
99, 0.123391, 99
100, 0.115479, 99
101, 0.128582, 99
102, 0.128616, 99
103, 0.103792, 99
104, 0.124243, 99
105, 0.127479, 99
106, 0.109380, 99
107, 0.088096, 99
108, 0.110364, 99
109, 0.098511, 99
110, 0.110951, 99
111, 0.109793, 99
112, 0.114319, 99
113, 0.094253, 99
114, 0.082730, 99
115, 0.109370, 99
116, 0.096253, 99
117, 0.117722, 99
118, 0.064333, 99
119, 0.065072, 99
120, 0.101708, 99
121, 0.057800, 99
122, 0.045993, 99
123, 0.095687, 99
124, 0.101174, 99
125, 0.089127, 99
126, 0.099904, 99
127, 0.094056, 99
128, 0.099104, 99
129, 0.094744, 99
130, 0.078521, 99
131, 0.102896, 99
132, 0.075276, 99
133, 0.085519, 99
134, 0.093862, 99
135, 0.119887, 99
136, 0.135941, 99
137, 0.123664, 99
138, 0.117584, 99
139, 0.114904, 99
140, 0.108693, 99
141, 0.237713, 99
142, 0.274246, 99
143, 0.293178, 99
144, 0.302789, 99
145, 0.366232, 99
146, 0.356094, 99
147, 0.327940, 99
148, 0.226898, 99
149, 0.338507, 99
150, 0.200184, 99
