1, 0.983736, 6
2, 0.980754, 6
3, 0.983846, 8
4, 0.056674, 15
5, 0.030623, 16
6, 0.023440, 18
7, 0.017802, 19
8, 0.062641, 16
9, 0.033479, 17
10, 0.030357, 31
11, 0.034577, 15
12, 0.002865, 20
13, 0.049501, 19
14, 0.043913, 18
15, 0.032985, 17
16, 0.050936, 18
17, 0.031548, 18
18, 0.046754, 20
19, 0.012680, 17
20, -0.002886, 31
21, 0.038939, 20
22, 0.033610, 19
23, 0.050634, 18
24, 0.049757, 16
25, 0.051126, 15
26, 0.028168, 19
27, 0.043264, 99
28, 0.060221, 15
29, 0.036634, 19
30, 0.057533, 18
1, 0.020886, 46
2, 0.032025, 20
3, 0.005933, 17
4, 0.979222, 7
5, 0.978752, 10
6, 0.981715, 6
7, 0.025639, 19
8, 0.027919, 99
9, 0.063827, 19
10, 0.025577, 16
11, 0.043805, 16
12, 0.067631, 15
13, 0.049157, 99
14, 0.015658, 19
15, 0.019738, 16
16, 0.014845, 18
17, -0.002001, 19
18, 0.021591, 17
19, 0.012779, 19
20, 0.032444, 18
21, 0.021752, 99
22, 0.045300, 16
23, 0.010213, 18
24, 0.010169, 18
25, 0.015575, 17
26, 0.013742, 18
27, 0.018923, 17
28, 0.011260, 20
29, 0.023899, 99
30, 0.014493, 18
1, 0.047405, 30
2, 0.061132, 31
3, 0.013156, 38
4, 0.039521, 33
5, 0.062480, 34
6, 0.008089, 32
7, 0.971546, 27
8, 0.913554, 19
9, 0.926389, 17
10, 0.030123, 35
11, 0.020160, 31
12, 0.063817, 34
13, 0.096891, 29
14, 0.059798, 34
15, 0.047298, 46
16, 0.048528, 37
17, 0.032144, 35
18, 0.038458, 32
19, 0.041218, 42
20, 0.022742, 34
21, 0.056788, 34
22, 0.038926, 34
23, 0.081784, 33
24, 0.030573, 31
25, 0.075480, 33
26, 0.040791, 31
27, 0.035251, 41
28, 0.051028, 33
29, 0.050086, 31
30, 0.060376, 31
1, 0.032998, 17
2, 0.027865, 16
3, 0.033419, 18
4, 0.041630, 99
5, 0.049716, 20
6, 0.025236, 27
7, 0.047586, 16
8, 0.033260, 19
9, 0.060891, 56
10, 0.969682, 7
11, 0.979312, 6
12, 0.979660, 7
13, 0.049850, 19
14, 0.049556, 45
15, 0.036098, 17
16, 0.042989, 17
17, 0.038636, 17
18, 0.048532, 18
19, 0.054413, 59
20, 0.031308, 18
21, 0.029944, 18
22, 0.037257, 18
23, 0.039184, 16
24, 0.004355, 27
25, 0.045849, 18
26, 0.010660, 19
27, 0.039029, 18
28, 0.013445, 19
29, -0.001998, 27
30, 0.051847, 18
1, 0.042848, 33
2, 0.049562, 99
3, 0.041175, 99
4, 0.022820, 33
5, 0.051734, 99
6, 0.020712, 29
7, 0.055392, 29
8, 0.095972, 99
9, 0.063522, 99
10, 0.045818, 99
11, 0.048766, 33
12, 0.039707, 29
13, 0.967361, 9
14, 0.966845, 12
15, 0.957223, 11
16, 0.034123, 29
17, 0.045344, 99
18, 0.074258, 29
19, 0.066002, 33
20, 0.033086, 33
21, 0.077166, 99
22, 0.051423, 99
23, 0.061699, 99
24, 0.045633, 99
25, 0.070032, 99
26, 0.034650, 99
27, 0.038465, 29
28, 0.055885, 99
29, 0.027588, 99
30, 0.072289, 20
1, 0.046412, 27
2, 0.047770, 33
3, 0.027804, 28
4, 0.028673, 27
5, 0.004496, 28
6, 0.020728, 27
7, 0.079837, 27
8, 0.037696, 27
9, 0.048584, 33
10, 0.046919, 27
11, 0.049290, 27
12, 0.024944, 27
13, 0.046454, 28
14, 0.067496, 27
15, 0.073329, 27
16, 0.965899, 10
17, 0.958135, 10
18, 0.944299, 11
19, 0.025093, 28
20, 0.032819, 28
21, 0.052587, 29
22, 0.039916, 27
23, 0.034554, 27
24, 0.024009, 28
25, 0.049436, 28
26, 0.073302, 27
27, 0.051992, 27
28, 0.044037, 27
29, 0.048820, 27
30, 0.055896, 28
1, 0.018677, 29
2, 0.032462, 27
3, 0.039327, 27
4, 0.036049, 29
5, 0.024510, 33
6, 0.011947, 29
7, 0.056297, 29
8, 0.041882, 29
9, 0.056531, 30
10, 0.028442, 33
11, 0.046254, 27
12, 0.058908, 20
13, 0.079650, 27
14, 0.067052, 29
15, 0.054497, 29
16, 0.030186, 29
17, 0.048892, 27
18, 0.051872, 27
19, 0.969696, 13
20, 0.977841, 10
21, 0.965847, 9
22, 0.022466, 29
23, 0.064354, 27
24, 0.071006, 27
25, 0.043295, 35
26, 0.020974, 30
27, 0.051300, 27
28, 0.057045, 27
29, 0.054983, 27
30, 0.069434, 27
1, 0.026998, 28
2, 0.049347, 29
3, 0.049030, 34
4, 0.019840, 30
5, 0.013463, 34
6, 0.043262, 30
7, 0.041028, 29
8, 0.046277, 29
9, 0.082440, 29
10, 0.037063, 27
11, 0.037198, 29
12, 0.044208, 30
13, 0.060735, 29
14, 0.056701, 29
15, 0.028196, 29
16, 0.027037, 29
17, 0.029408, 29
18, 0.035470, 43
19, 0.022479, 30
20, -0.001910, 29
21, 0.064802, 29
22, 0.948641, 14
23, 0.957963, 12
24, 0.963585, 30
25, 0.066510, 30
26, 0.045857, 29
27, 0.056443, 29
28, 0.066215, 29
29, 0.052735, 30
30, 0.060839, 29
1, 0.042667, 33
2, 0.022797, 31
3, 0.050873, 29
4, 0.015641, 32
5, 0.008081, 29
6, 0.015747, 29
7, 0.035822, 31
8, 0.041940, 32
9, 0.073364, 29
10, 0.044534, 26
11, 0.051654, 29
12, 0.024014, 29
13, 0.070603, 29
14, 0.011653, 34
15, 0.042173, 29
16, 0.038208, 32
17, 0.072521, 30
18, 0.030929, 35
19, 0.046004, 29
20, 0.026210, 29
21, 0.059772, 29
22, 0.032073, 31
23, 0.046641, 32
24, 0.068658, 29
25, 0.975019, 29
26, 0.947108, 12
27, 0.924347, 18
28, 0.051809, 29
29, 0.045911, 31
30, 0.112364, 29
1, 0.026654, 36
2, 0.058131, 35
3, 0.056673, 27
4, 0.025171, 27
5, 0.026519, 35
6, 0.011926, 35
7, 0.054862, 32
8, 0.059719, 27
9, 0.049359, 35
10, 0.048034, 27
11, 0.043946, 26
12, 0.041389, 26
13, 0.071042, 27
14, 0.028226, 35
15, 0.039195, 35
16, 0.047772, 27
17, 0.037505, 27
18, 0.044082, 33
19, 0.040725, 27
20, 0.048308, 35
21, 0.068965, 29
22, 0.047537, 35
23, 0.064821, 35
24, 0.072966, 35
25, 0.111852, 27
26, 0.054918, 27
27, 0.081017, 27
28, 0.961064, 10
29, 0.967283, 11
30, 0.940597, 14
